0 0 9.53674316406e-07
0 1 1.90734863281e-06
0 2 1.19209289551e-06
0 3 9.53674316406e-07
0 4 9.53674316406e-07
0 5 0.0
0 6 9.53674316406e-07
0 7 9.53674316406e-07
0 8 9.53674316406e-07
0 9 9.53674316406e-07
0 10 0.0
0 11 1.19209289551e-06
0 12 0.0
100 0 9.53674316406e-07
100 1 2.86102294922e-06
100 2 5.00679016113e-06
100 3 4.76837158203e-06
100 4 5.00679016113e-06
100 5 2.19345092773e-05
100 6 5.96046447754e-06
100 7 1.00135803223e-05
100 8 1.00135803223e-05
100 9 8.82148742676e-06
100 10 6.91413879395e-06
100 11 3.60012054443e-05
100 12 7.15255737305e-06
200 0 1.90734863281e-06
200 1 3.81469726562e-06
200 2 6.19888305664e-06
200 3 5.00679016113e-06
200 4 4.05311584473e-06
200 5 4.05311584473e-06
200 6 4.05311584473e-06
200 7 4.05311584473e-06
200 8 4.05311584473e-06
200 9 2.86102294922e-06
200 10 5.00679016113e-06
200 11 4.05311584473e-06
200 12 5.00679016113e-06
300 0 1.19209289551e-06
300 1 1.90734863281e-06
300 2 5.96046447754e-06
300 3 1.38282775879e-05
300 4 4.05311584473e-06
300 5 9.05990600586e-06
300 6 4.05311584473e-06
300 7 4.05311584473e-06
300 8 3.81469726562e-06
300 9 6.91413879395e-06
300 10 1.09672546387e-05
300 11 1.09672546387e-05
300 12 5.00679016113e-06
400 0 9.53674316406e-07
400 1 2.86102294922e-06
400 2 2.86102294922e-06
400 3 3.09944152832e-06
400 4 3.81469726562e-06
400 5 4.05311584473e-06
400 6 8.10623168945e-06
400 7 5.00679016113e-06
400 8 4.05311584473e-06
400 9 1.50203704834e-05
400 10 1.21593475342e-05
400 11 1.09672546387e-05
400 12 1.28746032715e-05
500 0 2.14576721191e-06
500 1 3.09944152832e-06
500 2 3.09944152832e-06
500 3 2.86102294922e-06
500 4 4.05311584473e-06
500 5 7.15255737305e-06
500 6 1.09672546387e-05
500 7 1.31130218506e-05
500 8 8.10623168945e-06
500 9 1.00135803223e-05
500 10 6.91413879395e-06
500 11 7.15255737305e-06
500 12 1.00135803223e-05
600 0 2.14576721191e-06
600 1 5.96046447754e-06
600 2 3.48091125488e-05
600 3 1.78813934326e-05
600 4 6.91413879395e-06
600 5 8.10623168945e-06
600 6 3.40938568115e-05
600 7 9.77516174316e-06
600 8 1.90734863281e-05
600 9 7.86781311035e-06
600 10 1.00135803223e-05
600 11 1.19209289551e-05
600 12 3.00407409668e-05
700 0 4.05311584473e-06
700 1 1.90734863281e-05
700 2 9.05990600586e-06
700 3 1.00135803223e-05
700 4 1.81198120117e-05
700 5 1.31130218506e-05
700 6 1.81198120117e-05
700 7 8.82148742676e-06
700 8 7.86781311035e-06
700 9 1.21593475342e-05
700 10 2.78949737549e-05
700 11 2.19345092773e-05
700 12 2.50339508057e-05
800 0 1.00135803223e-05
800 1 1.00135803223e-05
800 2 1.09672546387e-05
800 3 1.12056732178e-05
800 4 1.50203704834e-05
800 5 7.15255737305e-06
800 6 5.96046447754e-06
800 7 5.96046447754e-06
800 8 5.96046447754e-06
800 9 1.00135803223e-05
800 10 2.78949737549e-05
800 11 1.00135803223e-05
800 12 1.69277191162e-05
900 0 4.05311584473e-06
900 1 1.28746032715e-05
900 2 2.00271606445e-05
900 3 2.00271606445e-05
900 4 1.4066696167e-05
900 5 1.71661376953e-05
900 6 9.05990600586e-06
900 7 8.82148742676e-06
900 8 9.05990600586e-06
900 9 1.59740447998e-05
900 10 1.69277191162e-05
900 11 1.31130218506e-05
900 12 1.00135803223e-05
1000 0 1.90734863281e-06
1000 1 5.00679016113e-06
1000 2 1.00135803223e-05
1000 3 1.00135803223e-05
1000 4 2.50339508057e-05
1000 5 8.82148742676e-06
1000 6 1.31130218506e-05
1000 7 2.59876251221e-05
1000 8 9.05990600586e-06
1000 9 2.90870666504e-05
1000 10 2.28881835938e-05
1000 11 1.12056732178e-05
1000 12 1.69277191162e-05
1100 0 2.69412994385e-05
1100 1 1.12056732178e-05
1100 2 5.96046447754e-06
1100 3 5.00679016113e-06
1100 4 9.05990600586e-06
1100 5 1.00135803223e-05
1100 6 8.10623168945e-06
1100 7 2.40802764893e-05
1100 8 9.05990600586e-06
1100 9 1.4066696167e-05
1100 10 1.50203704834e-05
1100 11 9.05990600586e-06
1100 12 7.70092010498e-05
1200 0 1.50203704834e-05
1200 1 1.00135803223e-05
1200 2 8.10623168945e-06
1200 3 2.40802764893e-05
1200 4 8.10623168945e-06
1200 5 3.38554382324e-05
1200 6 1.00135803223e-05
1200 7 1.4066696167e-05
1200 8 3.19480895996e-05
1200 9 2.40802764893e-05
1200 10 8.82148742676e-06
1200 11 1.00135803223e-05
1200 12 2.8133392334e-05
1300 0 2.8133392334e-05
1300 1 6.19888305664e-06
1300 2 2.28881835938e-05
1300 3 2.40802764893e-05
1300 4 1.09672546387e-05
1300 5 9.05990600586e-06
1300 6 1.21593475342e-05
1300 7 3.2901763916e-05
1300 8 7.15255737305e-06
1300 9 3.00407409668e-05
1300 10 1.78813934326e-05
1300 11 9.05990600586e-06
1300 12 8.10623168945e-06
1400 0 2.14576721191e-06
1400 1 5.00679016113e-06
1400 2 1.59740447998e-05
1400 3 9.05990600586e-06
1400 4 8.10623168945e-06
1400 5 4.50611114502e-05
1400 6 1.38282775879e-05
1400 7 8.82148742676e-06
1400 8 1.31130218506e-05
1400 9 9.05990600586e-06
1400 10 9.05990600586e-06
1400 11 1.09672546387e-05
1400 12 1.09672546387e-05
1500 0 2.59876251221e-05
1500 1 3.81469726562e-06
1500 2 8.10623168945e-06
1500 3 2.59876251221e-05
1500 4 5.96046447754e-06
1500 5 8.10623168945e-06
1500 6 8.10623168945e-06
1500 7 1.59740447998e-05
1500 8 9.05990600586e-06
1500 9 2.19345092773e-05
1500 10 2.31266021729e-05
1500 11 1.00135803223e-05
1500 12 9.05990600586e-06
1600 0 4.05311584473e-06
1600 1 1.59740447998e-05
1600 2 7.86781311035e-06
1600 3 6.19888305664e-06
1600 4 2.09808349609e-05
1600 5 7.15255737305e-06
1600 6 3.00407409668e-05
1600 7 1.4066696167e-05
1600 8 1.28746032715e-05
1600 9 9.05990600586e-06
1600 10 9.05990600586e-06
1600 11 1.00135803223e-05
1600 12 2.40802764893e-05
1700 0 1.00135803223e-05
1700 1 7.15255737305e-06
1700 2 8.10623168945e-06
1700 3 1.69277191162e-05
1700 4 1.50203704834e-05
1700 5 1.59740447998e-05
1700 6 7.15255737305e-06
1700 7 8.10623168945e-06
1700 8 2.59876251221e-05
1700 9 1.90734863281e-05
1700 10 2.19345092773e-05
1700 11 2.69412994385e-05
1700 12 1.78813934326e-05
1800 0 3.09944152832e-06
1800 1 9.05990600586e-06
1800 2 5.96046447754e-06
1800 3 6.41345977783e-05
1800 4 6.91413879395e-06
1800 5 1.00135803223e-05
1800 6 2.59876251221e-05
1800 7 8.10623168945e-06
1800 8 1.31130218506e-05
1800 9 2.00271606445e-05
1800 10 1.00135803223e-05
1800 11 8.10623168945e-06
1800 12 8.10623168945e-06
1900 0 1.38282775879e-05
1900 1 1.81198120117e-05
1900 2 6.91413879395e-06
1900 3 2.09808349609e-05
1900 4 7.86781311035e-06
1900 5 1.31130218506e-05
1900 6 7.15255737305e-06
1900 7 2.8133392334e-05
1900 8 2.88486480713e-05
1900 9 3.60012054443e-05
1900 10 1.28746032715e-05
1900 11 7.86781311035e-06
1900 12 1.09672546387e-05
2000 0 1.69277191162e-05
2000 1 8.10623168945e-06
2000 2 5.96046447754e-06
2000 3 2.09808349609e-05
2000 4 7.15255737305e-06
2000 5 1.09672546387e-05
2000 6 5.96046447754e-06
2000 7 8.10623168945e-06
2000 8 1.8835067749e-05
2000 9 1.21593475342e-05
2000 10 8.82148742676e-06
2000 11 1.71661376953e-05
2000 12 2.88486480713e-05
2100 0 2.14576721191e-06
2100 1 5.96046447754e-06
2100 2 1.69277191162e-05
2100 3 1.69277191162e-05
2100 4 7.15255737305e-06
2100 5 8.10623168945e-06
2100 6 1.47819519043e-05
2100 7 1.4066696167e-05
2100 8 3.19480895996e-05
2100 9 1.21593475342e-05
2100 10 1.50203704834e-05
2100 11 2.19345092773e-05
2100 12 7.86781311035e-06
2200 0 9.53674316406e-07
2200 1 5.00679016113e-06
2200 2 6.91413879395e-06
2200 3 3.31401824951e-05
2200 4 7.86781311035e-06
2200 5 6.91413879395e-06
2200 6 1.19209289551e-05
2200 7 9.05990600586e-06
2200 8 1.71661376953e-05
2200 9 8.10623168945e-06
2200 10 7.86781311035e-06
2200 11 1.31130218506e-05
2200 12 6.91413879395e-06
2300 0 2.86102294922e-06
2300 1 6.19888305664e-06
2300 2 5.3882598877e-05
2300 3 6.19888305664e-06
2300 4 9.05990600586e-06
2300 5 1.50203704834e-05
2300 6 2.88486480713e-05
2300 7 6.19888305664e-06
2300 8 6.91413879395e-06
2300 9 1.28746032715e-05
2300 10 9.05990600586e-06
2300 11 7.86781311035e-06
2300 12 1.4066696167e-05
2400 0 2.00271606445e-05
2400 1 5.96046447754e-06
2400 2 5.96046447754e-06
2400 3 8.82148742676e-06
2400 4 1.81198120117e-05
2400 5 5.96046447754e-06
2400 6 1.28746032715e-05
2400 7 1.00135803223e-05
2400 8 1.00135803223e-05
2400 9 1.00135803223e-05
2400 10 9.77516174316e-06
2400 11 1.78813934326e-05
2400 12 8.82148742676e-06
2500 0 1.90734863281e-06
2500 1 5.96046447754e-06
2500 2 8.10623168945e-06
2500 3 6.91413879395e-06
2500 4 8.10623168945e-06
2500 5 1.00135803223e-05
2500 6 3.09944152832e-05
2500 7 1.00135803223e-05
2500 8 7.86781311035e-06
2500 9 7.86781311035e-06
2500 10 9.77516174316e-06
2500 11 9.05990600586e-06
2500 12 2.78949737549e-05
2600 0 2.86102294922e-06
2600 1 5.96046447754e-06
2600 2 1.81198120117e-05
2600 3 6.91413879395e-06
2600 4 7.86781311035e-06
2600 5 9.05990600586e-06
2600 6 8.10623168945e-06
2600 7 1.8835067749e-05
2600 8 1.78813934326e-05
2600 9 9.05990600586e-06
2600 10 7.86781311035e-06
2600 11 2.00271606445e-05
2600 12 8.10623168945e-06
2700 0 1.90734863281e-06
2700 1 8.10623168945e-06
2700 2 6.91413879395e-06
2700 3 5.79357147217e-05
2700 4 1.38282775879e-05
2700 5 1.19209289551e-05
2700 6 1.00135803223e-05
2700 7 9.05990600586e-06
2700 8 2.50339508057e-05
2700 9 8.10623168945e-06
2700 10 1.09672546387e-05
2700 11 2.00271606445e-05
2700 12 2.59876251221e-05
2800 0 3.09944152832e-06
2800 1 1.8835067749e-05
2800 2 1.50203704834e-05
2800 3 7.86781311035e-06
2800 4 1.00135803223e-05
2800 5 9.05990600586e-06
2800 6 2.21729278564e-05
2800 7 8.10623168945e-06
2800 8 2.88486480713e-05
2800 9 9.05990600586e-06
2800 10 1.59740447998e-05
2800 11 1.69277191162e-05
2800 12 1.09672546387e-05
2900 0 1.28746032715e-05
2900 1 9.05990600586e-06
2900 2 1.59740447998e-05
2900 3 7.15255737305e-06
2900 4 8.10623168945e-06
2900 5 9.05990600586e-06
2900 6 7.86781311035e-06
2900 7 1.4066696167e-05
2900 8 8.10623168945e-06
2900 9 9.05990600586e-06
2900 10 9.05990600586e-06
2900 11 8.10623168945e-06
2900 12 6.91413879395e-06
3000 0 2.14576721191e-06
3000 1 6.91413879395e-06
3000 2 5.29289245605e-05
3000 3 1.81198120117e-05
3000 4 2.09808349609e-05
3000 5 1.59740447998e-05
3000 6 2.71797180176e-05
3000 7 9.05990600586e-06
3000 8 7.86781311035e-06
3000 9 8.10623168945e-06
3000 10 7.86781311035e-06
3000 11 9.05990600586e-06
3000 12 6.91413879395e-06
3100 0 2.86102294922e-06
3100 1 1.59740447998e-05
3100 2 6.91413879395e-06
3100 3 2.88486480713e-05
3100 4 6.91413879395e-06
3100 5 7.86781311035e-06
3100 6 2.50339508057e-05
3100 7 9.05990600586e-06
3100 8 8.10623168945e-06
3100 9 8.82148742676e-06
3100 10 1.00135803223e-05
3100 11 1.21593475342e-05
3100 12 1.4066696167e-05
3200 0 3.09944152832e-06
3200 1 2.00271606445e-05
3200 2 5.96046447754e-06
3200 3 1.00135803223e-05
3200 4 7.86781311035e-06
3200 5 3.2901763916e-05
3200 6 2.88486480713e-05
3200 7 8.10623168945e-06
3200 8 1.8835067749e-05
3200 9 2.69412994385e-05
3200 10 1.00135803223e-05
3200 11 5.79357147217e-05
3200 12 1.00135803223e-05
3300 0 2.86102294922e-06
3300 1 1.31130218506e-05
3300 2 6.91413879395e-06
3300 3 1.31130218506e-05
3300 4 9.05990600586e-06
3300 5 9.05990600586e-06
3300 6 2.40802764893e-05
3300 7 6.91413879395e-06
3300 8 2.50339508057e-05
3300 9 8.10623168945e-06
3300 10 9.05990600586e-06
3300 11 1.69277191162e-05
3300 12 3.19480895996e-05
3400 0 3.09944152832e-06
3400 1 7.15255737305e-06
3400 2 6.91413879395e-06
3400 3 8.10623168945e-06
3400 4 2.09808349609e-05
3400 5 2.69412994385e-05
3400 6 8.10623168945e-06
3400 7 2.90870666504e-05
3400 8 1.19209289551e-05
3400 9 8.10623168945e-06
3400 10 1.00135803223e-05
3400 11 7.86781311035e-06
3400 12 8.10623168945e-06
3500 0 2.86102294922e-06
3500 1 6.91413879395e-06
3500 2 8.10623168945e-06
3500 3 5.00679016113e-06
3500 4 7.15255737305e-06
3500 5 2.69412994385e-05
3500 6 3.19480895996e-05
3500 7 8.10623168945e-06
3500 8 1.00135803223e-05
3500 9 8.82148742676e-06
3500 10 1.12056732178e-05
3500 11 9.05990600586e-06
3500 12 1.78813934326e-05
3600 0 5.00679016113e-06
3600 1 9.05990600586e-06
3600 2 6.91413879395e-06
3600 3 7.86781311035e-06
3600 4 8.10623168945e-06
3600 5 9.05990600586e-06
3600 6 3.09944152832e-05
3600 7 1.90734863281e-05
3600 8 8.82148742676e-06
3600 9 1.50203704834e-05
3600 10 1.50203704834e-05
3600 11 2.50339508057e-05
3600 12 1.09672546387e-05
3700 0 5.96046447754e-06
3700 1 7.15255737305e-06
3700 2 2.21729278564e-05
3700 3 7.86781311035e-06
3700 4 6.91413879395e-06
3700 5 8.10623168945e-06
3700 6 3.00407409668e-05
3700 7 2.50339508057e-05
3700 8 8.10623168945e-06
3700 9 8.10623168945e-06
3700 10 1.00135803223e-05
3700 11 1.31130218506e-05
3700 12 2.78949737549e-05
3800 0 3.09944152832e-05
3800 1 5.96046447754e-06
3800 2 1.28746032715e-05
3800 3 9.05990600586e-06
3800 4 8.10623168945e-06
3800 5 8.82148742676e-06
3800 6 1.31130218506e-05
3800 7 8.10623168945e-06
3800 8 6.91413879395e-06
3800 9 9.05990600586e-06
3800 10 9.05990600586e-06
3800 11 1.31130218506e-05
3800 12 1.00135803223e-05
3900 0 5.00679016113e-06
3900 1 6.91413879395e-06
3900 2 7.86781311035e-06
3900 3 6.91413879395e-06
3900 4 7.86781311035e-06
3900 5 3.00407409668e-05
3900 6 7.86781311035e-06
3900 7 8.82148742676e-06
3900 8 9.05990600586e-06
3900 9 8.10623168945e-06
3900 10 5.98430633545e-05
3900 11 1.00135803223e-05
3900 12 1.71661376953e-05
4000 0 3.09944152832e-06
4000 1 5.69820404053e-05
4000 2 3.2901763916e-05
4000 3 1.90734863281e-05
4000 4 1.50203704834e-05
4000 5 1.50203704834e-05
4000 6 8.10623168945e-06
4000 7 1.90734863281e-05
4000 8 1.19209289551e-05
4000 9 7.86781311035e-06
4000 10 1.09672546387e-05
4000 11 2.59876251221e-05
4000 12 1.00135803223e-05
4100 0 2.86102294922e-06
4100 1 7.15255737305e-06
4100 2 5.00679016113e-06
4100 3 5.96046447754e-06
4100 4 9.05990600586e-06
4100 5 7.86781311035e-06
4100 6 3.09944152832e-05
4100 7 2.69412994385e-05
4100 8 1.12056732178e-05
4100 9 7.86781311035e-06
4100 10 1.00135803223e-05
4100 11 2.69412994385e-05
4100 12 2.09808349609e-05
4200 0 2.86102294922e-06
4200 1 1.97887420654e-05
4200 2 6.91413879395e-06
4200 3 7.15255737305e-06
4200 4 2.90870666504e-05
4200 5 9.05990600586e-06
4200 6 1.28746032715e-05
4200 7 1.00135803223e-05
4200 8 1.00135803223e-05
4200 9 1.19209289551e-05
4200 10 1.28746032715e-05
4200 11 1.09672546387e-05
4200 12 1.00135803223e-05
4300 0 2.86102294922e-06
4300 1 7.86781311035e-06
4300 2 1.28746032715e-05
4300 3 8.10623168945e-06
4300 4 8.10623168945e-06
4300 5 2.50339508057e-05
4300 6 1.28746032715e-05
4300 7 1.50203704834e-05
4300 8 9.05990600586e-06
4300 9 9.05990600586e-06
4300 10 8.10623168945e-06
4300 11 8.10623168945e-06
4300 12 2.90870666504e-05
4400 0 3.09944152832e-06
4400 1 2.50339508057e-05
4400 2 2.121925354e-05
4400 3 9.05990600586e-06
4400 4 2.59876251221e-05
4400 5 6.91413879395e-06
4400 6 9.05990600586e-06
4400 7 2.50339508057e-05
4400 8 1.31130218506e-05
4400 9 1.50203704834e-05
4400 10 1.19209289551e-05
4400 11 1.19209289551e-05
4400 12 1.00135803223e-05
4500 0 5.00679016113e-06
4500 1 8.10623168945e-06
4500 2 4.00543212891e-05
4500 3 3.00407409668e-05
4500 4 8.82148742676e-06
4500 5 7.15255737305e-06
4500 6 7.86781311035e-06
4500 7 1.31130218506e-05
4500 8 2.40802764893e-05
4500 9 1.09672546387e-05
4500 10 1.50203704834e-05
4500 11 3.69548797607e-05
4500 12 1.00135803223e-05
4600 0 5.00679016113e-06
4600 1 6.91413879395e-06
4600 2 5.00679016113e-06
4600 3 5.96046447754e-06
4600 4 5.96046447754e-06
4600 5 9.05990600586e-06
4600 6 9.05990600586e-06
4600 7 8.10623168945e-06
4600 8 1.19209289551e-05
4600 9 1.71661376953e-05
4600 10 1.00135803223e-05
4600 11 1.00135803223e-05
4600 12 2.50339508057e-05
4700 0 1.59740447998e-05
4700 1 7.15255737305e-06
4700 2 5.96046447754e-06
4700 3 7.86781311035e-06
4700 4 9.05990600586e-06
4700 5 2.00271606445e-05
4700 6 8.10623168945e-06
4700 7 1.31130218506e-05
4700 8 4.6968460083e-05
4700 9 1.09672546387e-05
4700 10 7.86781311035e-06
4700 11 3.09944152832e-05
4700 12 1.78813934326e-05
4800 0 3.09944152832e-06
4800 1 1.50203704834e-05
4800 2 1.71661376953e-05
4800 3 3.79085540771e-05
4800 4 8.10623168945e-06
4800 5 3.00407409668e-05
4800 6 2.88486480713e-05
4800 7 8.82148742676e-06
4800 8 2.19345092773e-05
4800 9 7.86781311035e-06
4800 10 9.05990600586e-06
4800 11 9.05990600586e-06
4800 12 8.10623168945e-06
4900 0 5.96046447754e-06
4900 1 6.91413879395e-06
4900 2 6.91413879395e-06
4900 3 7.86781311035e-06
4900 4 2.38418579102e-05
4900 5 1.00135803223e-05
4900 6 9.05990600586e-06
4900 7 9.05990600586e-06
4900 8 9.05990600586e-06
4900 9 1.12056732178e-05
4900 10 9.05990600586e-06
4900 11 2.40802764893e-05
4900 12 1.62124633789e-05
5000 0 2.86102294922e-06
5000 1 8.10623168945e-06
5000 2 1.4066696167e-05
5000 3 1.19209289551e-05
5000 4 1.00135803223e-05
5000 5 3.19480895996e-05
5000 6 1.00135803223e-05
5000 7 7.86781311035e-06
5000 8 1.00135803223e-05
5000 9 1.09672546387e-05
5000 10 1.00135803223e-05
5000 11 2.59876251221e-05
5000 12 1.19209289551e-05
5100 0 3.09944152832e-06
5100 1 7.86781311035e-06
5100 2 8.10623168945e-06
5100 3 8.10623168945e-06
5100 4 8.82148742676e-06
5100 5 9.05990600586e-06
5100 6 7.86781311035e-06
5100 7 1.59740447998e-05
5100 8 1.00135803223e-05
5100 9 2.21729278564e-05
5100 10 2.28881835938e-05
5100 11 1.00135803223e-05
5100 12 2.00271606445e-05
5200 0 2.86102294922e-06
5200 1 3.09944152832e-05
5200 2 2.59876251221e-05
5200 3 7.86781311035e-06
5200 4 9.05990600586e-06
5200 5 8.10623168945e-06
5200 6 1.00135803223e-05
5200 7 2.09808349609e-05
5200 8 9.05990600586e-06
5200 9 1.69277191162e-05
5200 10 2.09808349609e-05
5200 11 1.19209289551e-05
5200 12 1.00135803223e-05
5300 0 4.05311584473e-06
5300 1 2.50339508057e-05
5300 2 2.59876251221e-05
5300 3 1.50203704834e-05
5300 4 6.91413879395e-06
5300 5 7.86781311035e-06
5300 6 1.09672546387e-05
5300 7 2.28881835938e-05
5300 8 2.21729278564e-05
5300 9 2.00271606445e-05
5300 10 6.91413879395e-06
5300 11 2.69412994385e-05
5300 12 1.19209289551e-05
5400 0 3.81469726562e-06
5400 1 1.59740447998e-05
5400 2 1.50203704834e-05
5400 3 1.00135803223e-05
5400 4 1.50203704834e-05
5400 5 2.09808349609e-05
5400 6 8.82148742676e-06
5400 7 1.28746032715e-05
5400 8 2.8133392334e-05
5400 9 9.05990600586e-06
5400 10 1.00135803223e-05
5400 11 1.59740447998e-05
5400 12 9.05990600586e-06
5500 0 7.15255737305e-06
5500 1 7.15255737305e-06
5500 2 7.86781311035e-06
5500 3 2.59876251221e-05
5500 4 7.86781311035e-06
5500 5 9.05990600586e-06
5500 6 1.00135803223e-05
5500 7 2.69412994385e-05
5500 8 1.00135803223e-05
5500 9 9.05990600586e-06
5500 10 6.91413879395e-06
5500 11 1.59740447998e-05
5500 12 1.00135803223e-05
5600 0 3.81469726562e-06
5600 1 7.86781311035e-06
5600 2 1.50203704834e-05
5600 3 7.86781311035e-06
5600 4 8.10623168945e-06
5600 5 2.50339508057e-05
5600 6 1.38282775879e-05
5600 7 8.10623168945e-06
5600 8 1.00135803223e-05
5600 9 1.50203704834e-05
5600 10 9.05990600586e-06
5600 11 1.00135803223e-05
5600 12 1.09672546387e-05
5700 0 5.96046447754e-06
5700 1 6.91413879395e-06
5700 2 6.91413879395e-06
5700 3 2.19345092773e-05
5700 4 1.31130218506e-05
5700 5 2.40802764893e-05
5700 6 8.10623168945e-06
5700 7 9.05990600586e-06
5700 8 1.00135803223e-05
5700 9 9.05990600586e-06
5700 10 1.00135803223e-05
5700 11 9.05990600586e-06
5700 12 8.82148742676e-06
5800 0 1.4066696167e-05
5800 1 6.91413879395e-06
5800 2 2.78949737549e-05
5800 3 7.86781311035e-06
5800 4 7.86781311035e-06
5800 5 1.81198120117e-05
5800 6 9.05990600586e-06
5800 7 9.05990600586e-06
5800 8 9.05990600586e-06
5800 9 2.8133392334e-05
5800 10 1.28746032715e-05
5800 11 2.00271606445e-05
5800 12 1.19209289551e-05
5900 0 2.86102294922e-06
5900 1 7.15255737305e-06
5900 2 8.10623168945e-06
5900 3 2.50339508057e-05
5900 4 2.50339508057e-05
5900 5 7.86781311035e-06
5900 6 1.69277191162e-05
5900 7 1.4066696167e-05
5900 8 9.05990600586e-06
5900 9 9.05990600586e-06
5900 10 1.09672546387e-05
5900 11 1.00135803223e-05
5900 12 2.19345092773e-05
6000 0 3.09944152832e-06
6000 1 2.88486480713e-05
6000 2 8.10623168945e-06
6000 3 1.31130218506e-05
6000 4 9.05990600586e-06
6000 5 1.69277191162e-05
6000 6 7.86781311035e-06
6000 7 1.00135803223e-05
6000 8 9.05990600586e-06
6000 9 3.00407409668e-05
6000 10 9.05990600586e-06
6000 11 8.82148742676e-06
6000 12 1.00135803223e-05
6100 0 3.81469726562e-06
6100 1 2.59876251221e-05
6100 2 9.05990600586e-06
6100 3 2.31266021729e-05
6100 4 8.10623168945e-06
6100 5 2.69412994385e-05
6100 6 1.00135803223e-05
6100 7 2.59876251221e-05
6100 8 1.00135803223e-05
6100 9 1.09672546387e-05
6100 10 9.05990600586e-06
6100 11 1.00135803223e-05
6100 12 1.21593475342e-05
6200 0 3.81469726562e-06
6200 1 7.86781311035e-06
6200 2 6.91413879395e-06
6200 3 9.05990600586e-06
6200 4 8.10623168945e-06
6200 5 8.10623168945e-06
6200 6 2.50339508057e-05
6200 7 1.21593475342e-05
6200 8 8.82148742676e-06
6200 9 8.82148742676e-06
6200 10 7.86781311035e-06
6200 11 9.05990600586e-06
6200 12 9.05990600586e-06
6300 0 6.91413879395e-06
6300 1 7.86781311035e-06
6300 2 9.05990600586e-06
6300 3 7.86781311035e-06
6300 4 7.86781311035e-06
6300 5 9.05990600586e-06
6300 6 9.05990600586e-06
6300 7 1.00135803223e-05
6300 8 9.05990600586e-06
6300 9 1.00135803223e-05
6300 10 8.82148742676e-06
6300 11 1.8835067749e-05
6300 12 9.05990600586e-06
6400 0 7.86781311035e-06
6400 1 1.59740447998e-05
6400 2 1.21593475342e-05
6400 3 1.59740447998e-05
6400 4 2.00271606445e-05
6400 5 2.69412994385e-05
6400 6 2.8133392334e-05
6400 7 4.91142272949e-05
6400 8 8.10623168945e-06
6400 9 8.10623168945e-06
6400 10 1.50203704834e-05
6400 11 1.50203704834e-05
6400 12 2.90870666504e-05
6500 0 2.86102294922e-06
6500 1 1.09672546387e-05
6500 2 9.05990600586e-06
6500 3 7.15255737305e-06
6500 4 9.05990600586e-06
6500 5 2.50339508057e-05
6500 6 7.86781311035e-06
6500 7 9.05990600586e-06
6500 8 1.00135803223e-05
6500 9 8.10623168945e-06
6500 10 1.69277191162e-05
6500 11 1.4066696167e-05
6500 12 8.82148742676e-06
6600 0 3.09944152832e-06
6600 1 1.4066696167e-05
6600 2 7.15255737305e-06
6600 3 8.10623168945e-06
6600 4 7.86781311035e-06
6600 5 7.86781311035e-06
6600 6 2.19345092773e-05
6600 7 7.15255737305e-06
6600 8 9.05990600586e-06
6600 9 2.59876251221e-05
6600 10 9.05990600586e-06
6600 11 1.00135803223e-05
6600 12 1.00135803223e-05
6700 0 3.09944152832e-06
6700 1 8.82148742676e-06
6700 2 8.10623168945e-06
6700 3 7.86781311035e-06
6700 4 8.10623168945e-06
6700 5 9.05990600586e-06
6700 6 1.00135803223e-05
6700 7 9.05990600586e-06
6700 8 9.05990600586e-06
6700 9 8.82148742676e-06
6700 10 8.10623168945e-06
6700 11 1.50203704834e-05
6700 12 1.12056732178e-05
6800 0 2.86102294922e-06
6800 1 7.15255737305e-06
6800 2 1.28746032715e-05
6800 3 7.86781311035e-06
6800 4 7.86781311035e-06
6800 5 8.82148742676e-06
6800 6 9.77516174316e-06
6800 7 9.05990600586e-06
6800 8 1.59740447998e-05
6800 9 2.90870666504e-05
6800 10 7.86781311035e-06
6800 11 1.00135803223e-05
6800 12 9.05990600586e-06
6900 0 8.10623168945e-06
6900 1 1.31130218506e-05
6900 2 7.86781311035e-06
6900 3 1.28746032715e-05
6900 4 8.82148742676e-06
6900 5 1.00135803223e-05
6900 6 1.00135803223e-05
6900 7 8.82148742676e-06
6900 8 1.00135803223e-05
6900 9 1.00135803223e-05
6900 10 2.59876251221e-05
6900 11 2.09808349609e-05
6900 12 1.00135803223e-05
7000 0 6.91413879395e-06
7000 1 2.31266021729e-05
7000 2 8.10623168945e-06
7000 3 1.00135803223e-05
7000 4 1.50203704834e-05
7000 5 2.50339508057e-05
7000 6 1.12056732178e-05
7000 7 8.10623168945e-06
7000 8 7.86781311035e-06
7000 9 1.00135803223e-05
7000 10 2.19345092773e-05
7000 11 1.21593475342e-05
7000 12 8.10623168945e-06
7100 0 1.50203704834e-05
7100 1 1.8835067749e-05
7100 2 8.10623168945e-06
7100 3 3.19480895996e-05
7100 4 7.86781311035e-06
7100 5 2.19345092773e-05
7100 6 9.05990600586e-06
7100 7 8.10623168945e-06
7100 8 9.05990600586e-06
7100 9 2.00271606445e-05
7100 10 1.00135803223e-05
7100 11 1.00135803223e-05
7100 12 1.00135803223e-05
7200 0 3.09944152832e-06
7200 1 8.82148742676e-06
7200 2 2.00271606445e-05
7200 3 8.10623168945e-06
7200 4 2.78949737549e-05
7200 5 1.28746032715e-05
7200 6 1.00135803223e-05
7200 7 1.90734863281e-05
7200 8 9.05990600586e-06
7200 9 1.90734863281e-05
7200 10 7.86781311035e-06
7200 11 1.00135803223e-05
7200 12 9.05990600586e-06
7300 0 5.96046447754e-06
7300 1 5.69820404053e-05
7300 2 6.91413879395e-06
7300 3 6.91413879395e-06
7300 4 8.10623168945e-06
7300 5 8.10623168945e-06
7300 6 8.10623168945e-06
7300 7 2.59876251221e-05
7300 8 9.05990600586e-06
7300 9 9.05990600586e-06
7300 10 8.82148742676e-06
7300 11 9.05990600586e-06
7300 12 1.00135803223e-05
7400 0 3.09944152832e-06
7400 1 8.82148742676e-06
7400 2 1.8835067749e-05
7400 3 8.10623168945e-06
7400 4 1.50203704834e-05
7400 5 9.05990600586e-06
7400 6 1.28746032715e-05
7400 7 1.31130218506e-05
7400 8 2.50339508057e-05
7400 9 1.00135803223e-05
7400 10 1.00135803223e-05
7400 11 1.00135803223e-05
7400 12 1.09672546387e-05
7500 0 9.05990600586e-06
7500 1 8.10623168945e-06
7500 2 8.10623168945e-06
7500 3 8.10623168945e-06
7500 4 7.86781311035e-06
7500 5 1.00135803223e-05
7500 6 1.31130218506e-05
7500 7 1.00135803223e-05
7500 8 2.50339508057e-05
7500 9 1.00135803223e-05
7500 10 1.28746032715e-05
7500 11 1.00135803223e-05
7500 12 1.09672546387e-05
7600 0 1.69277191162e-05
7600 1 5.96046447754e-06
7600 2 6.91413879395e-06
7600 3 9.05990600586e-06
7600 4 8.10623168945e-06
7600 5 9.05990600586e-06
7600 6 1.59740447998e-05
7600 7 1.09672546387e-05
7600 8 1.00135803223e-05
7600 9 1.59740447998e-05
7600 10 9.05990600586e-06
7600 11 9.05990600586e-06
7600 12 2.19345092773e-05
7700 0 4.05311584473e-06
7700 1 8.10623168945e-06
7700 2 1.00135803223e-05
7700 3 6.91413879395e-06
7700 4 7.86781311035e-06
7700 5 9.05990600586e-06
7700 6 3.00407409668e-05
7700 7 1.71661376953e-05
7700 8 8.82148742676e-06
7700 9 9.05990600586e-06
7700 10 1.28746032715e-05
7700 11 8.82148742676e-06
7700 12 2.8133392334e-05
7800 0 3.09944152832e-06
7800 1 8.10623168945e-06
7800 2 8.10623168945e-06
7800 3 9.05990600586e-06
7800 4 7.86781311035e-06
7800 5 7.86781311035e-06
7800 6 1.00135803223e-05
7800 7 1.69277191162e-05
7800 8 1.00135803223e-05
7800 9 1.59740447998e-05
7800 10 1.00135803223e-05
7800 11 9.05990600586e-06
7800 12 1.59740447998e-05
7900 0 1.00135803223e-05
7900 1 1.59740447998e-05
7900 2 8.10623168945e-06
7900 3 9.05990600586e-06
7900 4 1.00135803223e-05
7900 5 9.05990600586e-06
7900 6 8.82148742676e-06
7900 7 9.05990600586e-06
7900 8 1.8835067749e-05
7900 9 3.50475311279e-05
7900 10 1.00135803223e-05
7900 11 3.60012054443e-05
7900 12 1.09672546387e-05
8000 0 1.62124633789e-05
8000 1 1.4066696167e-05
8000 2 8.10623168945e-06
8000 3 8.10623168945e-06
8000 4 8.82148742676e-06
8000 5 7.86781311035e-06
8000 6 2.8133392334e-05
8000 7 1.50203704834e-05
8000 8 9.05990600586e-06
8000 9 9.05990600586e-06
8000 10 9.05990600586e-06
8000 11 1.09672546387e-05
8000 12 1.90734863281e-05
8100 0 1.00135803223e-05
8100 1 5.96046447754e-06
8100 2 5.96046447754e-06
8100 3 8.10623168945e-06
8100 4 1.00135803223e-05
8100 5 9.05990600586e-06
8100 6 1.81198120117e-05
8100 7 1.00135803223e-05
8100 8 3.2901763916e-05
8100 9 1.19209289551e-05
8100 10 9.05990600586e-06
8100 11 1.31130218506e-05
8100 12 1.31130218506e-05
8200 0 1.59740447998e-05
8200 1 1.09672546387e-05
8200 2 6.91413879395e-06
8200 3 9.05990600586e-06
8200 4 9.05990600586e-06
8200 5 7.86781311035e-06
8200 6 2.40802764893e-05
8200 7 9.05990600586e-06
8200 8 1.69277191162e-05
8200 9 1.00135803223e-05
8200 10 8.82148742676e-06
8200 11 1.00135803223e-05
8200 12 1.00135803223e-05
8300 0 1.00135803223e-05
8300 1 1.28746032715e-05
8300 2 8.82148742676e-06
8300 3 7.86781311035e-06
8300 4 7.86781311035e-06
8300 5 9.05990600586e-06
8300 6 1.21593475342e-05
8300 7 1.09672546387e-05
8300 8 1.97887420654e-05
8300 9 9.05990600586e-06
8300 10 1.00135803223e-05
8300 11 2.88486480713e-05
8300 12 1.31130218506e-05
8400 0 1.59740447998e-05
8400 1 8.82148742676e-06
8400 2 1.90734863281e-05
8400 3 1.19209289551e-05
8400 4 1.12056732178e-05
8400 5 1.78813934326e-05
8400 6 1.71661376953e-05
8400 7 1.50203704834e-05
8400 8 1.09672546387e-05
8400 9 1.4066696167e-05
8400 10 1.21593475342e-05
8400 11 3.19480895996e-05
8400 12 1.19209289551e-05
8500 0 2.19345092773e-05
8500 1 1.00135803223e-05
8500 2 9.05990600586e-06
8500 3 1.4066696167e-05
8500 4 3.09944152832e-05
8500 5 9.77516174316e-06
8500 6 1.00135803223e-05
8500 7 3.09944152832e-05
8500 8 2.8133392334e-05
8500 9 2.31266021729e-05
8500 10 1.90734863281e-05
8500 11 4.19616699219e-05
8500 12 4.00543212891e-05
8600 0 1.50203704834e-05
8600 1 1.59740447998e-05
8600 2 2.09808349609e-05
8600 3 1.12056732178e-05
8600 4 9.05990600586e-06
8600 5 1.4066696167e-05
8600 6 1.21593475342e-05
8600 7 1.00135803223e-05
8600 8 1.09672546387e-05
8600 9 1.00135803223e-05
8600 10 2.50339508057e-05
8600 11 1.19209289551e-05
8600 12 5.96046447754e-06
8700 0 1.90734863281e-06
8700 1 7.15255737305e-06
8700 2 1.00135803223e-05
8700 3 1.09672546387e-05
8700 4 1.00135803223e-05
8700 5 3.19480895996e-05
8700 6 9.05990600586e-06
8700 7 1.31130218506e-05
8700 8 1.09672546387e-05
8700 9 1.19209289551e-05
8700 10 1.81198120117e-05
8700 11 3.40938568115e-05
8700 12 1.59740447998e-05
8800 0 1.50203704834e-05
8800 1 1.47819519043e-05
8800 2 1.28746032715e-05
8800 3 3.31401824951e-05
8800 4 1.19209289551e-05
8800 5 1.31130218506e-05
8800 6 1.28746032715e-05
8800 7 1.19209289551e-05
8800 8 9.05990600586e-06
8800 9 1.28746032715e-05
8800 10 1.50203704834e-05
8800 11 2.71797180176e-05
8800 12 2.40802764893e-05
8900 0 4.05311584473e-06
8900 1 1.00135803223e-05
8900 2 6.91413879395e-06
8900 3 1.50203704834e-05
8900 4 2.90870666504e-05
8900 5 7.86781311035e-06
8900 6 1.00135803223e-05
8900 7 8.10623168945e-06
8900 8 7.86781311035e-06
8900 9 1.21593475342e-05
8900 10 1.00135803223e-05
8900 11 5.96046447754e-06
8900 12 8.10623168945e-06
9000 0 3.09944152832e-06
9000 1 2.09808349609e-05
9000 2 2.00271606445e-05
9000 3 3.21865081787e-05
9000 4 2.09808349609e-05
9000 5 9.77516174316e-06
9000 6 1.69277191162e-05
9000 7 1.00135803223e-05
9000 8 1.00135803223e-05
9000 9 9.05990600586e-06
9000 10 7.86781311035e-06
9000 11 2.59876251221e-05
9000 12 9.05990600586e-06
9100 0 4.05311584473e-06
9100 1 1.69277191162e-05
9100 2 7.86781311035e-06
9100 3 8.10623168945e-06
9100 4 1.19209289551e-05
9100 5 8.82148742676e-06
9100 6 7.86781311035e-06
9100 7 6.91413879395e-06
9100 8 8.10623168945e-06
9100 9 7.86781311035e-06
9100 10 9.05990600586e-06
9100 11 7.86781311035e-06
9100 12 1.31130218506e-05
9200 0 4.05311584473e-06
9200 1 6.91413879395e-06
9200 2 8.10623168945e-06
9200 3 7.86781311035e-06
9200 4 1.38282775879e-05
9200 5 6.91413879395e-06
9200 6 7.15255737305e-06
9200 7 9.05990600586e-06
9200 8 1.71661376953e-05
9200 9 9.05990600586e-06
9200 10 1.09672546387e-05
9200 11 8.10623168945e-06
9200 12 1.00135803223e-05
9300 0 3.09944152832e-06
9300 1 7.15255737305e-06
9300 2 1.19209289551e-05
9300 3 8.10623168945e-06
9300 4 9.05990600586e-06
9300 5 7.86781311035e-06
9300 6 1.28746032715e-05
9300 7 1.71661376953e-05
9300 8 3.31401824951e-05
9300 9 1.21593475342e-05
9300 10 6.91413879395e-06
9300 11 7.86781311035e-06
9300 12 1.00135803223e-05
9400 0 2.86102294922e-06
9400 1 8.10623168945e-06
9400 2 8.10623168945e-06
9400 3 6.91413879395e-06
9400 4 5.96046447754e-06
9400 5 8.10623168945e-06
9400 6 7.86781311035e-06
9400 7 6.91413879395e-06
9400 8 7.86781311035e-06
9400 9 1.00135803223e-05
9400 10 8.10623168945e-06
9400 11 8.10623168945e-06
9400 12 1.12056732178e-05
9500 0 5.96046447754e-06
9500 1 1.00135803223e-05
9500 2 9.05990600586e-06
9500 3 7.86781311035e-06
9500 4 6.91413879395e-06
9500 5 1.28746032715e-05
9500 6 1.09672546387e-05
9500 7 1.81198120117e-05
9500 8 7.86781311035e-06
9500 9 1.00135803223e-05
9500 10 7.86781311035e-06
9500 11 1.00135803223e-05
9500 12 9.05990600586e-06
9600 0 4.05311584473e-06
9600 1 5.96046447754e-06
9600 2 8.10623168945e-06
9600 3 6.91413879395e-06
9600 4 6.91413879395e-06
9600 5 8.82148742676e-06
9600 6 4.31537628174e-05
9600 7 1.28746032715e-05
9600 8 8.82148742676e-06
9600 9 4.07695770264e-05
9600 10 9.05990600586e-06
9600 11 8.82148742676e-06
9600 12 1.09672546387e-05
9700 0 9.05990600586e-06
9700 1 5.96046447754e-06
9700 2 8.10623168945e-06
9700 3 8.10623168945e-06
9700 4 1.12056732178e-05
9700 5 2.69412994385e-05
9700 6 1.78813934326e-05
9700 7 1.28746032715e-05
9700 8 1.00135803223e-05
9700 9 8.82148742676e-06
9700 10 1.4066696167e-05
9700 11 1.19209289551e-05
9700 12 1.09672546387e-05
9800 0 2.86102294922e-06
9800 1 9.05990600586e-06
9800 2 6.91413879395e-06
9800 3 1.00135803223e-05
9800 4 8.10623168945e-06
9800 5 1.00135803223e-05
9800 6 8.10623168945e-06
9800 7 9.05990600586e-06
9800 8 2.21729278564e-05
9800 9 1.21593475342e-05
9800 10 1.50203704834e-05
9800 11 1.12056732178e-05
9800 12 1.00135803223e-05
9900 0 2.28881835938e-05
9900 1 1.00135803223e-05
9900 2 7.86781311035e-06
9900 3 8.10623168945e-06
9900 4 8.10623168945e-06
9900 5 9.05990600586e-06
9900 6 1.4066696167e-05
9900 7 6.91413879395e-06
9900 8 1.09672546387e-05
9900 9 9.05990600586e-06
9900 10 9.05990600586e-06
9900 11 2.00271606445e-05
9900 12 1.19209289551e-05
10000 0 2.86102294922e-06
10000 1 7.15255737305e-06
10000 2 1.69277191162e-05
10000 3 1.62124633789e-05
10000 4 1.50203704834e-05
10000 5 1.09672546387e-05
10000 6 8.10623168945e-06
10000 7 8.82148742676e-06
10000 8 1.50203704834e-05
10000 9 1.09672546387e-05
10000 10 1.09672546387e-05
10000 11 9.05990600586e-06
10000 12 1.00135803223e-05
10100 0 4.05311584473e-06
10100 1 6.91413879395e-06
10100 2 1.38282775879e-05
10100 3 7.86781311035e-06
10100 4 8.10623168945e-06
10100 5 7.86781311035e-06
10100 6 9.05990600586e-06
10100 7 8.10623168945e-06
10100 8 8.10623168945e-06
10100 9 1.00135803223e-05
10100 10 8.10623168945e-06
10100 11 1.00135803223e-05
10100 12 1.00135803223e-05
10200 0 3.09944152832e-06
10200 1 5.96046447754e-06
10200 2 5.96046447754e-06
10200 3 6.91413879395e-06
10200 4 1.21593475342e-05
10200 5 7.15255737305e-06
10200 6 9.05990600586e-06
10200 7 7.15255737305e-06
10200 8 9.77516174316e-06
10200 9 1.00135803223e-05
10200 10 9.05990600586e-06
10200 11 1.69277191162e-05
10200 12 1.21593475342e-05
10300 0 6.91413879395e-06
10300 1 1.09672546387e-05
10300 2 7.86781311035e-06
10300 3 5.19752502441e-05
10300 4 7.15255737305e-06
10300 5 8.82148742676e-06
10300 6 1.28746032715e-05
10300 7 1.00135803223e-05
10300 8 9.05990600586e-06
10300 9 1.19209289551e-05
10300 10 1.00135803223e-05
10300 11 6.91413879395e-06
10300 12 9.05990600586e-06
10400 0 4.05311584473e-06
10400 1 8.82148742676e-06
10400 2 8.82148742676e-06
10400 3 6.91413879395e-06
10400 4 8.10623168945e-06
10400 5 8.10623168945e-06
10400 6 1.09672546387e-05
10400 7 9.05990600586e-06
10400 8 1.00135803223e-05
10400 9 1.09672546387e-05
10400 10 8.10623168945e-06
10400 11 1.90734863281e-05
10400 12 9.05990600586e-06
10500 0 3.81469726562e-06
10500 1 8.10623168945e-06
10500 2 7.86781311035e-06
10500 3 1.59740447998e-05
10500 4 1.50203704834e-05
10500 5 9.05990600586e-06
10500 6 1.4066696167e-05
10500 7 7.15255737305e-06
10500 8 1.4066696167e-05
10500 9 9.05990600586e-06
10500 10 6.91413879395e-06
10500 11 8.82148742676e-06
10500 12 1.12056732178e-05
10600 0 4.05311584473e-06
10600 1 6.91413879395e-06
10600 2 5.96046447754e-06
10600 3 8.10623168945e-06
10600 4 7.86781311035e-06
10600 5 7.86781311035e-06
10600 6 1.00135803223e-05
10600 7 6.91413879395e-06
10600 8 1.00135803223e-05
10600 9 8.82148742676e-06
10600 10 9.05990600586e-06
10600 11 1.00135803223e-05
10600 12 1.00135803223e-05
10700 0 5.00679016113e-06
10700 1 6.91413879395e-06
10700 2 7.86781311035e-06
10700 3 6.91413879395e-06
10700 4 1.28746032715e-05
10700 5 9.05990600586e-06
10700 6 8.10623168945e-06
10700 7 1.31130218506e-05
10700 8 1.19209289551e-05
10700 9 1.31130218506e-05
10700 10 2.50339508057e-05
10700 11 1.19209289551e-05
10700 12 1.00135803223e-05
10800 0 9.05990600586e-06
10800 1 1.00135803223e-05
10800 2 7.86781311035e-06
10800 3 6.19888305664e-06
10800 4 7.15255737305e-06
10800 5 6.91413879395e-06
10800 6 1.00135803223e-05
10800 7 7.86781311035e-06
10800 8 1.50203704834e-05
10800 9 9.77516174316e-06
10800 10 1.09672546387e-05
10800 11 1.97887420654e-05
10800 12 9.05990600586e-06
10900 0 3.09944152832e-06
10900 1 6.91413879395e-06
10900 2 9.05990600586e-06
10900 3 1.12056732178e-05
10900 4 6.91413879395e-06
10900 5 1.00135803223e-05
10900 6 8.10623168945e-06
10900 7 9.05990600586e-06
10900 8 8.10623168945e-06
10900 9 8.10623168945e-06
10900 10 1.00135803223e-05
10900 11 9.05990600586e-06
10900 12 8.82148742676e-06
11000 0 3.09944152832e-06
11000 1 7.15255737305e-06
11000 2 7.86781311035e-06
11000 3 5.96046447754e-06
11000 4 9.05990600586e-06
11000 5 8.10623168945e-06
11000 6 9.05990600586e-06
11000 7 1.19209289551e-05
11000 8 7.86781311035e-06
11000 9 9.05990600586e-06
11000 10 8.10623168945e-06
11000 11 7.86781311035e-06
11000 12 1.00135803223e-05
11100 0 4.05311584473e-06
11100 1 7.15255737305e-06
11100 2 5.96046447754e-06
11100 3 8.10623168945e-06
11100 4 6.91413879395e-06
11100 5 7.15255737305e-06
11100 6 7.86781311035e-06
11100 7 1.4066696167e-05
11100 8 9.05990600586e-06
11100 9 9.05990600586e-06
11100 10 8.10623168945e-06
11100 11 1.59740447998e-05
11100 12 1.00135803223e-05
11200 0 5.00679016113e-06
11200 1 9.05990600586e-06
11200 2 5.96046447754e-06
11200 3 6.91413879395e-06
11200 4 7.15255737305e-06
11200 5 8.10623168945e-06
11200 6 1.00135803223e-05
11200 7 7.86781311035e-06
11200 8 6.91413879395e-06
11200 9 8.10623168945e-06
11200 10 1.09672546387e-05
11200 11 7.86781311035e-06
11200 12 9.05990600586e-06
11300 0 3.09944152832e-06
11300 1 5.96046447754e-06
11300 2 5.00679016113e-06
11300 3 8.10623168945e-06
11300 4 7.15255737305e-06
11300 5 7.86781311035e-06
11300 6 9.05990600586e-06
11300 7 1.09672546387e-05
11300 8 9.05990600586e-06
11300 9 8.10623168945e-06
11300 10 7.86781311035e-06
11300 11 5.88893890381e-05
11300 12 1.4066696167e-05
11400 0 3.81469726562e-06
11400 1 5.96046447754e-06
11400 2 7.15255737305e-06
11400 3 1.09672546387e-05
11400 4 6.91413879395e-06
11400 5 9.05990600586e-06
11400 6 9.05990600586e-06
11400 7 1.00135803223e-05
11400 8 9.05990600586e-06
11400 9 8.10623168945e-06
11400 10 9.05990600586e-06
11400 11 9.05990600586e-06
11400 12 9.05990600586e-06
11500 0 3.81469726562e-06
11500 1 9.05990600586e-06
11500 2 7.15255737305e-06
11500 3 8.10623168945e-06
11500 4 7.15255737305e-06
11500 5 9.05990600586e-06
11500 6 1.19209289551e-05
11500 7 6.91413879395e-06
11500 8 9.05990600586e-06
11500 9 9.05990600586e-06
11500 10 1.09672546387e-05
11500 11 1.28746032715e-05
11500 12 1.00135803223e-05
11600 0 3.81469726562e-06
11600 1 9.05990600586e-06
11600 2 5.96046447754e-06
11600 3 8.10623168945e-06
11600 4 5.96046447754e-06
11600 5 6.91413879395e-06
11600 6 1.00135803223e-05
11600 7 9.05990600586e-06
11600 8 1.00135803223e-05
11600 9 6.91413879395e-06
11600 10 9.05990600586e-06
11600 11 8.10623168945e-06
11600 12 1.4066696167e-05
11700 0 5.00679016113e-06
11700 1 6.91413879395e-06
11700 2 6.91413879395e-06
11700 3 7.15255737305e-06
11700 4 6.91413879395e-06
11700 5 8.10623168945e-06
11700 6 7.86781311035e-06
11700 7 9.05990600586e-06
11700 8 7.86781311035e-06
11700 9 6.91413879395e-06
11700 10 9.05990600586e-06
11700 11 1.09672546387e-05
11700 12 1.00135803223e-05
11800 0 3.09944152832e-06
11800 1 6.91413879395e-06
11800 2 9.05990600586e-06
11800 3 9.05990600586e-06
11800 4 8.10623168945e-06
11800 5 6.91413879395e-06
11800 6 8.10623168945e-06
11800 7 1.00135803223e-05
11800 8 1.00135803223e-05
11800 9 9.05990600586e-06
11800 10 1.21593475342e-05
11800 11 1.09672546387e-05
11800 12 1.38282775879e-05
11900 0 3.81469726562e-06
11900 1 8.82148742676e-06
11900 2 1.21593475342e-05
11900 3 7.15255737305e-06
11900 4 8.10623168945e-06
11900 5 9.05990600586e-06
11900 6 7.15255737305e-06
11900 7 1.09672546387e-05
11900 8 7.15255737305e-06
11900 9 1.00135803223e-05
11900 10 1.00135803223e-05
11900 11 2.00271606445e-05
11900 12 9.05990600586e-06
12000 0 4.05311584473e-06
12000 1 6.91413879395e-06
12000 2 5.96046447754e-06
12000 3 8.10623168945e-06
12000 4 7.86781311035e-06
12000 5 8.10623168945e-06
12000 6 7.15255737305e-06
12000 7 7.86781311035e-06
12000 8 9.05990600586e-06
12000 9 7.86781311035e-06
12000 10 8.10623168945e-06
12000 11 9.05990600586e-06
12000 12 1.00135803223e-05
12100 0 3.09944152832e-06
12100 1 8.10623168945e-06
12100 2 1.19209289551e-05
12100 3 6.91413879395e-06
12100 4 8.10623168945e-06
12100 5 7.86781311035e-06
12100 6 9.05990600586e-06
12100 7 8.10623168945e-06
12100 8 9.05990600586e-06
12100 9 1.09672546387e-05
12100 10 7.86781311035e-06
12100 11 9.05990600586e-06
12100 12 8.10623168945e-06
12200 0 7.15255737305e-06
12200 1 6.91413879395e-06
12200 2 7.86781311035e-06
12200 3 1.59740447998e-05
12200 4 8.10623168945e-06
12200 5 9.05990600586e-06
12200 6 1.38282775879e-05
12200 7 1.09672546387e-05
12200 8 1.31130218506e-05
12200 9 1.00135803223e-05
12200 10 8.82148742676e-06
12200 11 1.50203704834e-05
12200 12 1.09672546387e-05
12300 0 6.19888305664e-06
12300 1 6.91413879395e-06
12300 2 7.15255737305e-06
12300 3 1.00135803223e-05
12300 4 6.91413879395e-06
12300 5 9.05990600586e-06
12300 6 9.05990600586e-06
12300 7 9.05990600586e-06
12300 8 6.91413879395e-06
12300 9 1.12056732178e-05
12300 10 7.86781311035e-06
12300 11 9.05990600586e-06
12300 12 8.82148742676e-06
12400 0 4.05311584473e-06
12400 1 7.15255737305e-06
12400 2 6.91413879395e-06
12400 3 9.05990600586e-06
12400 4 9.05990600586e-06
12400 5 8.10623168945e-06
12400 6 6.91413879395e-06
12400 7 8.10623168945e-06
12400 8 6.91413879395e-06
12400 9 7.86781311035e-06
12400 10 8.82148742676e-06
12400 11 1.00135803223e-05
12400 12 1.12056732178e-05
12500 0 4.05311584473e-06
12500 1 1.81198120117e-05
12500 2 6.91413879395e-06
12500 3 9.05990600586e-06
12500 4 8.10623168945e-06
12500 5 9.05990600586e-06
12500 6 1.19209289551e-05
12500 7 9.05990600586e-06
12500 8 8.82148742676e-06
12500 9 9.05990600586e-06
12500 10 1.00135803223e-05
12500 11 8.10623168945e-06
12500 12 7.86781311035e-06
12600 0 2.86102294922e-06
12600 1 1.21593475342e-05
12600 2 6.91413879395e-06
12600 3 6.91413879395e-06
12600 4 1.97887420654e-05
12600 5 8.10623168945e-06
12600 6 1.59740447998e-05
12600 7 9.05990600586e-06
12600 8 1.50203704834e-05
12600 9 1.00135803223e-05
12600 10 1.50203704834e-05
12600 11 1.00135803223e-05
12600 12 1.50203704834e-05
12700 0 5.96046447754e-06
12700 1 1.28746032715e-05
12700 2 7.86781311035e-06
12700 3 8.10623168945e-06
12700 4 8.10623168945e-06
12700 5 8.10623168945e-06
12700 6 1.00135803223e-05
12700 7 8.82148742676e-06
12700 8 7.86781311035e-06
12700 9 1.31130218506e-05
12700 10 1.00135803223e-05
12700 11 1.71661376953e-05
12700 12 1.4066696167e-05
12800 0 4.05311584473e-06
12800 1 1.28746032715e-05
12800 2 9.05990600586e-06
12800 3 8.10623168945e-06
12800 4 8.10623168945e-06
12800 5 8.10623168945e-06
12800 6 1.09672546387e-05
12800 7 7.86781311035e-06
12800 8 9.05990600586e-06
12800 9 9.05990600586e-06
12800 10 8.82148742676e-06
12800 11 9.05990600586e-06
12800 12 7.86781311035e-06
12900 0 6.91413879395e-06
12900 1 1.09672546387e-05
12900 2 6.91413879395e-06
12900 3 7.86781311035e-06
12900 4 1.00135803223e-05
12900 5 8.10623168945e-06
12900 6 8.10623168945e-06
12900 7 1.09672546387e-05
12900 8 9.05990600586e-06
12900 9 1.00135803223e-05
12900 10 9.05990600586e-06
12900 11 7.86781311035e-06
12900 12 7.86781311035e-06
13000 0 2.86102294922e-06
13000 1 6.91413879395e-06
13000 2 9.05990600586e-06
13000 3 5.96046447754e-06
13000 4 6.91413879395e-06
13000 5 8.10623168945e-06
13000 6 6.91413879395e-06
13000 7 6.91413879395e-06
13000 8 7.86781311035e-06
13000 9 8.10623168945e-06
13000 10 9.05990600586e-06
13000 11 1.00135803223e-05
13000 12 1.00135803223e-05
13100 0 2.86102294922e-06
13100 1 7.15255737305e-06
13100 2 5.96046447754e-06
13100 3 8.10623168945e-06
13100 4 1.09672546387e-05
13100 5 8.10623168945e-06
13100 6 1.09672546387e-05
13100 7 4.72068786621e-05
13100 8 1.09672546387e-05
13100 9 1.78813934326e-05
13100 10 8.82148742676e-06
13100 11 9.05990600586e-06
13100 12 1.00135803223e-05
13200 0 7.15255737305e-06
13200 1 8.82148742676e-06
13200 2 7.86781311035e-06
13200 3 1.50203704834e-05
13200 4 6.91413879395e-06
13200 5 8.10623168945e-06
13200 6 8.82148742676e-06
13200 7 6.91413879395e-06
13200 8 1.00135803223e-05
13200 9 7.86781311035e-06
13200 10 1.00135803223e-05
13200 11 1.00135803223e-05
13200 12 8.10623168945e-06
13300 0 3.81469726562e-06
13300 1 7.15255737305e-06
13300 2 6.91413879395e-06
13300 3 7.86781311035e-06
13300 4 9.05990600586e-06
13300 5 1.21593475342e-05
13300 6 1.59740447998e-05
13300 7 7.86781311035e-06
13300 8 1.00135803223e-05
13300 9 1.00135803223e-05
13300 10 1.09672546387e-05
13300 11 1.00135803223e-05
13300 12 9.77516174316e-06
13400 0 7.15255737305e-06
13400 1 4.60147857666e-05
13400 2 1.00135803223e-05
13400 3 9.05990600586e-06
13400 4 8.82148742676e-06
13400 5 8.10623168945e-06
13400 6 7.15255737305e-06
13400 7 1.00135803223e-05
13400 8 1.00135803223e-05
13400 9 1.00135803223e-05
13400 10 8.82148742676e-06
13400 11 7.86781311035e-06
13400 12 1.31130218506e-05
13500 0 3.81469726562e-06
13500 1 8.10623168945e-06
13500 2 1.19209289551e-05
13500 3 8.10623168945e-06
13500 4 8.10623168945e-06
13500 5 6.91413879395e-06
13500 6 6.91413879395e-06
13500 7 5.96046447754e-06
13500 8 5.96046447754e-06
13500 9 1.00135803223e-05
13500 10 6.19888305664e-06
13500 11 5.96046447754e-06
13500 12 6.91413879395e-06
13600 0 3.09944152832e-06
13600 1 5.00679016113e-06
13600 2 6.91413879395e-06
13600 3 5.00679016113e-06
13600 4 1.28746032715e-05
13600 5 7.15255737305e-06
13600 6 5.00679016113e-06
13600 7 5.96046447754e-06
13600 8 5.96046447754e-06
13600 9 6.19888305664e-06
13600 10 5.96046447754e-06
13600 11 6.19888305664e-06
13600 12 1.00135803223e-05
13700 0 3.09944152832e-06
13700 1 5.96046447754e-06
13700 2 5.00679016113e-06
13700 3 6.19888305664e-06
13700 4 2.90870666504e-05
13700 5 6.91413879395e-06
13700 6 5.96046447754e-06
13700 7 5.00679016113e-06
13700 8 5.00679016113e-06
13700 9 5.96046447754e-06
13700 10 6.19888305664e-06
13700 11 5.96046447754e-06
13700 12 7.15255737305e-06
13800 0 1.90734863281e-06
13800 1 8.10623168945e-06
13800 2 5.96046447754e-06
13800 3 5.00679016113e-06
13800 4 5.00679016113e-06
13800 5 8.82148742676e-06
13800 6 5.96046447754e-06
13800 7 6.19888305664e-06
13800 8 5.96046447754e-06
13800 9 5.00679016113e-06
13800 10 6.19888305664e-06
13800 11 1.21593475342e-05
13800 12 7.15255737305e-06
13900 0 3.09944152832e-06
13900 1 5.96046447754e-06
13900 2 5.96046447754e-06
13900 3 5.00679016113e-06
13900 4 1.09672546387e-05
13900 5 6.91413879395e-06
13900 6 5.00679016113e-06
13900 7 5.00679016113e-06
13900 8 6.19888305664e-06
13900 9 5.96046447754e-06
13900 10 6.19888305664e-06
13900 11 5.96046447754e-06
13900 12 6.91413879395e-06
14000 0 3.09944152832e-06
14000 1 5.00679016113e-06
14000 2 5.00679016113e-06
14000 3 5.96046447754e-06
14000 4 5.00679016113e-06
14000 5 6.91413879395e-06
14000 6 5.96046447754e-06
14000 7 5.00679016113e-06
14000 8 5.96046447754e-06
14000 9 6.19888305664e-06
14000 10 5.96046447754e-06
14000 11 6.19888305664e-06
14000 12 5.96046447754e-06
14100 0 2.14576721191e-06
14100 1 5.00679016113e-06
14100 2 1.4066696167e-05
14100 3 5.96046447754e-06
14100 4 1.21593475342e-05
14100 5 7.15255737305e-06
14100 6 5.96046447754e-06
14100 7 5.96046447754e-06
14100 8 6.19888305664e-06
14100 9 5.96046447754e-06
14100 10 5.96046447754e-06
14100 11 6.19888305664e-06
14100 12 7.15255737305e-06
14200 0 2.14576721191e-06
14200 1 5.96046447754e-06
14200 2 5.00679016113e-06
14200 3 5.96046447754e-06
14200 4 5.96046447754e-06
14200 5 5.96046447754e-06
14200 6 5.96046447754e-06
14200 7 5.96046447754e-06
14200 8 5.00679016113e-06
14200 9 5.96046447754e-06
14200 10 5.96046447754e-06
14200 11 6.19888305664e-06
14200 12 5.00679016113e-06
14300 0 2.14576721191e-06
14300 1 8.10623168945e-06
14300 2 5.00679016113e-06
14300 3 4.05311584473e-06
14300 4 8.10623168945e-06
14300 5 1.4066696167e-05
14300 6 1.09672546387e-05
14300 7 5.96046447754e-06
14300 8 5.96046447754e-06
14300 9 5.96046447754e-06
14300 10 5.00679016113e-06
14300 11 5.96046447754e-06
14300 12 7.15255737305e-06
14400 0 2.86102294922e-06
14400 1 5.00679016113e-06
14400 2 5.00679016113e-06
14400 3 5.00679016113e-06
14400 4 6.91413879395e-06
14400 5 7.15255737305e-06
14400 6 5.00679016113e-06
14400 7 5.00679016113e-06
14400 8 5.00679016113e-06
14400 9 5.96046447754e-06
14400 10 6.91413879395e-06
14400 11 6.19888305664e-06
14400 12 5.96046447754e-06
14500 0 3.09944152832e-06
14500 1 5.00679016113e-06
14500 2 5.00679016113e-06
14500 3 5.00679016113e-06
14500 4 5.00679016113e-06
14500 5 5.96046447754e-06
14500 6 6.19888305664e-06
14500 7 5.96046447754e-06
14500 8 5.00679016113e-06
14500 9 5.00679016113e-06
14500 10 6.91413879395e-06
14500 11 5.00679016113e-06
14500 12 5.96046447754e-06
14600 0 3.09944152832e-06
14600 1 4.05311584473e-06
14600 2 5.00679016113e-06
14600 3 5.96046447754e-06
14600 4 7.15255737305e-06
14600 5 9.05990600586e-06
14600 6 5.96046447754e-06
14600 7 5.00679016113e-06
14600 8 5.96046447754e-06
14600 9 5.96046447754e-06
14600 10 5.96046447754e-06
14600 11 1.69277191162e-05
14600 12 6.19888305664e-06
14700 0 4.05311584473e-06
14700 1 5.96046447754e-06
14700 2 5.96046447754e-06
14700 3 5.00679016113e-06
14700 4 8.10623168945e-06
14700 5 5.96046447754e-06
14700 6 5.96046447754e-06
14700 7 5.96046447754e-06
14700 8 5.96046447754e-06
14700 9 5.96046447754e-06
14700 10 5.96046447754e-06
14700 11 6.91413879395e-06
14700 12 6.91413879395e-06
14800 0 2.86102294922e-06
14800 1 6.19888305664e-06
14800 2 5.00679016113e-06
14800 3 1.4066696167e-05
14800 4 1.00135803223e-05
14800 5 6.19888305664e-06
14800 6 6.91413879395e-06
14800 7 5.00679016113e-06
14800 8 5.00679016113e-06
14800 9 5.96046447754e-06
14800 10 5.00679016113e-06
14800 11 5.00679016113e-06
14800 12 6.19888305664e-06
14900 0 2.86102294922e-06
14900 1 5.00679016113e-06
14900 2 6.19888305664e-06
14900 3 6.19888305664e-06
14900 4 6.91413879395e-06
14900 5 5.96046447754e-06
14900 6 5.96046447754e-06
14900 7 5.96046447754e-06
14900 8 5.00679016113e-06
14900 9 5.96046447754e-06
14900 10 7.15255737305e-06
14900 11 5.96046447754e-06
14900 12 6.19888305664e-06
15000 0 1.90734863281e-06
15000 1 5.00679016113e-06
15000 2 6.19888305664e-06
15000 3 5.96046447754e-06
15000 4 8.10623168945e-06
15000 5 5.00679016113e-06
15000 6 5.96046447754e-06
15000 7 5.00679016113e-06
15000 8 5.96046447754e-06
15000 9 5.96046447754e-06
15000 10 5.96046447754e-06
15000 11 5.96046447754e-06
15000 12 5.96046447754e-06
15100 0 2.86102294922e-06
15100 1 5.00679016113e-06
15100 2 3.81469726562e-06
15100 3 5.00679016113e-06
15100 4 5.00679016113e-06
15100 5 7.15255737305e-06
15100 6 5.00679016113e-06
15100 7 5.96046447754e-06
15100 8 5.96046447754e-06
15100 9 5.96046447754e-06
15100 10 7.15255737305e-06
15100 11 5.00679016113e-06
15100 12 5.00679016113e-06
15200 0 2.14576721191e-06
15200 1 5.00679016113e-06
15200 2 4.05311584473e-06
15200 3 1.21593475342e-05
15200 4 5.00679016113e-06
15200 5 5.96046447754e-06
15200 6 5.00679016113e-06
15200 7 5.00679016113e-06
15200 8 5.00679016113e-06
15200 9 1.00135803223e-05
15200 10 5.00679016113e-06
15200 11 5.96046447754e-06
15200 12 5.00679016113e-06
15300 0 4.05311584473e-06
15300 1 7.15255737305e-06
15300 2 5.96046447754e-06
15300 3 5.96046447754e-06
15300 4 5.00679016113e-06
15300 5 5.00679016113e-06
15300 6 4.05311584473e-06
15300 7 5.00679016113e-06
15300 8 5.96046447754e-06
15300 9 1.09672546387e-05
15300 10 5.96046447754e-06
15300 11 5.96046447754e-06
15300 12 5.96046447754e-06
15400 0 1.90734863281e-06
15400 1 4.05311584473e-06
15400 2 5.96046447754e-06
15400 3 1.09672546387e-05
15400 4 5.96046447754e-06
15400 5 6.19888305664e-06
15400 6 5.00679016113e-06
15400 7 5.96046447754e-06
15400 8 5.00679016113e-06
15400 9 5.96046447754e-06
15400 10 5.00679016113e-06
15400 11 5.00679016113e-06
15400 12 5.00679016113e-06
15500 0 2.86102294922e-06
15500 1 5.96046447754e-06
15500 2 7.86781311035e-06
15500 3 1.00135803223e-05
15500 4 6.91413879395e-06
15500 5 5.96046447754e-06
15500 6 5.96046447754e-06
15500 7 5.00679016113e-06
15500 8 5.00679016113e-06
15500 9 5.96046447754e-06
15500 10 5.96046447754e-06
15500 11 5.96046447754e-06
15500 12 5.96046447754e-06
15600 0 2.86102294922e-06
15600 1 6.19888305664e-06
15600 2 5.00679016113e-06
15600 3 4.05311584473e-06
15600 4 8.10623168945e-06
15600 5 5.96046447754e-06
15600 6 5.96046447754e-06
15600 7 5.96046447754e-06
15600 8 5.96046447754e-06
15600 9 9.05990600586e-06
15600 10 5.96046447754e-06
15600 11 5.00679016113e-06
15600 12 5.00679016113e-06
15700 0 2.86102294922e-06
15700 1 6.19888305664e-06
15700 2 4.76837158203e-06
15700 3 5.00679016113e-06
15700 4 8.10623168945e-06
15700 5 6.91413879395e-06
15700 6 5.96046447754e-06
15700 7 5.00679016113e-06
15700 8 5.00679016113e-06
15700 9 6.91413879395e-06
15700 10 5.96046447754e-06
15700 11 5.96046447754e-06
15700 12 5.00679016113e-06
15800 0 7.15255737305e-06
15800 1 9.05990600586e-06
15800 2 5.96046447754e-06
15800 3 5.00679016113e-06
15800 4 6.19888305664e-06
15800 5 5.96046447754e-06
15800 6 5.96046447754e-06
15800 7 5.96046447754e-06
15800 8 6.19888305664e-06
15800 9 5.00679016113e-06
15800 10 5.00679016113e-06
15800 11 5.96046447754e-06
15800 12 5.96046447754e-06
15900 0 2.86102294922e-06
15900 1 5.96046447754e-06
15900 2 1.31130218506e-05
15900 3 6.19888305664e-06
15900 4 5.96046447754e-06
15900 5 5.96046447754e-06
15900 6 5.00679016113e-06
15900 7 5.00679016113e-06
15900 8 5.96046447754e-06
15900 9 5.00679016113e-06
15900 10 9.05990600586e-06
15900 11 8.10623168945e-06
15900 12 6.91413879395e-06
16000 0 1.90734863281e-06
16000 1 5.00679016113e-06
16000 2 5.00679016113e-06
16000 3 5.00679016113e-06
16000 4 7.86781311035e-06
16000 5 5.96046447754e-06
16000 6 5.00679016113e-06
16000 7 5.00679016113e-06
16000 8 5.96046447754e-06
16000 9 5.00679016113e-06
16000 10 5.96046447754e-06
16000 11 5.96046447754e-06
16000 12 5.96046447754e-06
16100 0 2.86102294922e-06
16100 1 5.96046447754e-06
16100 2 6.91413879395e-06
16100 3 7.15255737305e-06
16100 4 6.91413879395e-06
16100 5 5.96046447754e-06
16100 6 6.91413879395e-06
16100 7 5.00679016113e-06
16100 8 5.96046447754e-06
16100 9 6.91413879395e-06
16100 10 5.00679016113e-06
16100 11 5.00679016113e-06
16100 12 5.00679016113e-06
16200 0 4.05311584473e-06
16200 1 4.05311584473e-06
16200 2 1.50203704834e-05
16200 3 8.82148742676e-06
16200 4 5.00679016113e-06
16200 5 4.76837158203e-06
16200 6 5.00679016113e-06
16200 7 5.96046447754e-06
16200 8 5.00679016113e-06
16200 9 5.96046447754e-06
16200 10 5.96046447754e-06
16200 11 6.91413879395e-06
16200 12 8.82148742676e-06
16300 0 3.09944152832e-06
16300 1 5.00679016113e-06
16300 2 5.96046447754e-06
16300 3 6.91413879395e-06
16300 4 6.19888305664e-06
16300 5 5.96046447754e-06
16300 6 5.96046447754e-06
16300 7 5.00679016113e-06
16300 8 5.96046447754e-06
16300 9 5.00679016113e-06
16300 10 5.00679016113e-06
16300 11 5.96046447754e-06
16300 12 5.96046447754e-06
16400 0 3.09944152832e-06
16400 1 5.00679016113e-06
16400 2 5.96046447754e-06
16400 3 5.00679016113e-06
16400 4 6.91413879395e-06
16400 5 5.96046447754e-06
16400 6 8.10623168945e-06
16400 7 5.00679016113e-06
16400 8 5.96046447754e-06
16400 9 5.96046447754e-06
16400 10 6.19888305664e-06
16400 11 7.86781311035e-06
16400 12 5.96046447754e-06
16500 0 3.09944152832e-06
16500 1 5.00679016113e-06
16500 2 5.00679016113e-06
16500 3 5.00679016113e-06
16500 4 7.15255737305e-06
16500 5 1.8835067749e-05
16500 6 5.96046447754e-06
16500 7 5.00679016113e-06
16500 8 5.96046447754e-06
16500 9 5.00679016113e-06
16500 10 5.00679016113e-06
16500 11 5.00679016113e-06
16500 12 5.00679016113e-06
16600 0 1.90734863281e-06
16600 1 5.00679016113e-06
16600 2 5.00679016113e-06
16600 3 1.50203704834e-05
16600 4 5.00679016113e-06
16600 5 5.00679016113e-06
16600 6 6.19888305664e-06
16600 7 6.19888305664e-06
16600 8 5.00679016113e-06
16600 9 5.96046447754e-06
16600 10 5.96046447754e-06
16600 11 5.96046447754e-06
16600 12 6.19888305664e-06
16700 0 2.86102294922e-06
16700 1 5.00679016113e-06
16700 2 5.00679016113e-06
16700 3 5.96046447754e-06
16700 4 5.96046447754e-06
16700 5 5.00679016113e-06
16700 6 5.00679016113e-06
16700 7 7.15255737305e-06
16700 8 9.05990600586e-06
16700 9 5.96046447754e-06
16700 10 6.91413879395e-06
16700 11 5.00679016113e-06
16700 12 5.00679016113e-06
16800 0 3.09944152832e-06
16800 1 5.96046447754e-06
16800 2 5.00679016113e-06
16800 3 5.00679016113e-06
16800 4 7.15255737305e-06
16800 5 5.96046447754e-06
16800 6 5.00679016113e-06
16800 7 5.00679016113e-06
16800 8 5.00679016113e-06
16800 9 5.96046447754e-06
16800 10 5.96046447754e-06
16800 11 5.96046447754e-06
16800 12 6.91413879395e-06
16900 0 3.09944152832e-06
16900 1 6.19888305664e-06
16900 2 5.96046447754e-06
16900 3 6.91413879395e-06
16900 4 4.76837158203e-06
16900 5 5.96046447754e-06
16900 6 5.96046447754e-06
16900 7 7.15255737305e-06
16900 8 5.96046447754e-06
16900 9 5.96046447754e-06
16900 10 5.00679016113e-06
16900 11 5.96046447754e-06
16900 12 5.96046447754e-06
17000 0 4.05311584473e-06
17000 1 5.96046447754e-06
17000 2 5.00679016113e-06
17000 3 6.19888305664e-06
17000 4 7.15255737305e-06
17000 5 5.96046447754e-06
17000 6 5.96046447754e-06
17000 7 5.96046447754e-06
17000 8 5.00679016113e-06
17000 9 4.05311584473e-06
17000 10 5.96046447754e-06
17000 11 6.91413879395e-06
17000 12 6.91413879395e-06
17100 0 3.09944152832e-06
17100 1 5.00679016113e-06
17100 2 5.96046447754e-06
17100 3 6.19888305664e-06
17100 4 9.05990600586e-06
17100 5 5.00679016113e-06
17100 6 5.00679016113e-06
17100 7 5.96046447754e-06
17100 8 5.96046447754e-06
17100 9 5.96046447754e-06
17100 10 5.96046447754e-06
17100 11 5.96046447754e-06
17100 12 5.96046447754e-06
17200 0 3.09944152832e-06
17200 1 5.96046447754e-06
17200 2 5.96046447754e-06
17200 3 1.50203704834e-05
17200 4 6.19888305664e-06
17200 5 5.00679016113e-06
17200 6 5.00679016113e-06
17200 7 5.96046447754e-06
17200 8 6.19888305664e-06
17200 9 8.10623168945e-06
17200 10 9.05990600586e-06
17200 11 7.86781311035e-06
17200 12 5.96046447754e-06
17300 0 3.09944152832e-06
17300 1 5.00679016113e-06
17300 2 5.96046447754e-06
17300 3 1.19209289551e-05
17300 4 8.10623168945e-06
17300 5 5.00679016113e-06
17300 6 5.96046447754e-06
17300 7 5.96046447754e-06
17300 8 5.00679016113e-06
17300 9 5.96046447754e-06
17300 10 5.96046447754e-06
17300 11 5.00679016113e-06
17300 12 5.96046447754e-06
17400 0 3.09944152832e-06
17400 1 5.00679016113e-06
17400 2 1.50203704834e-05
17400 3 6.19888305664e-06
17400 4 8.10623168945e-06
17400 5 6.19888305664e-06
17400 6 5.00679016113e-06
17400 7 5.96046447754e-06
17400 8 5.96046447754e-06
17400 9 5.00679016113e-06
17400 10 5.96046447754e-06
17400 11 5.96046447754e-06
17400 12 5.96046447754e-06
17500 0 4.05311584473e-06
17500 1 5.00679016113e-06
17500 2 5.00679016113e-06
17500 3 5.96046447754e-06
17500 4 5.96046447754e-06
17500 5 5.96046447754e-06
17500 6 5.96046447754e-06
17500 7 5.00679016113e-06
17500 8 5.00679016113e-06
17500 9 5.00679016113e-06
17500 10 6.19888305664e-06
17500 11 6.91413879395e-06
17500 12 5.96046447754e-06
17600 0 4.05311584473e-06
17600 1 8.10623168945e-06
17600 2 6.91413879395e-06
17600 3 6.91413879395e-06
17600 4 5.96046447754e-06
17600 5 5.00679016113e-06
17600 6 4.05311584473e-06
17600 7 5.00679016113e-06
17600 8 5.96046447754e-06
17600 9 1.50203704834e-05
17600 10 5.96046447754e-06
17600 11 5.00679016113e-06
17600 12 5.00679016113e-06
17700 0 3.81469726562e-06
17700 1 8.10623168945e-06
17700 2 1.19209289551e-05
17700 3 7.15255737305e-06
17700 4 7.15255737305e-06
17700 5 5.00679016113e-06
17700 6 5.96046447754e-06
17700 7 5.00679016113e-06
17700 8 6.19888305664e-06
17700 9 7.15255737305e-06
17700 10 6.19888305664e-06
17700 11 7.86781311035e-06
17700 12 6.91413879395e-06
17800 0 3.09944152832e-06
17800 1 5.00679016113e-06
17800 2 5.96046447754e-06
17800 3 1.62124633789e-05
17800 4 5.96046447754e-06
17800 5 5.96046447754e-06
17800 6 5.00679016113e-06
17800 7 5.96046447754e-06
17800 8 5.00679016113e-06
17800 9 5.96046447754e-06
17800 10 5.00679016113e-06
17800 11 6.19888305664e-06
17800 12 7.15255737305e-06
17900 0 2.86102294922e-06
17900 1 1.47819519043e-05
17900 2 5.96046447754e-06
17900 3 7.86781311035e-06
17900 4 5.00679016113e-06
17900 5 5.00679016113e-06
17900 6 5.00679016113e-06
17900 7 6.91413879395e-06
17900 8 5.96046447754e-06
17900 9 5.96046447754e-06
17900 10 5.00679016113e-06
17900 11 4.05311584473e-06
17900 12 5.96046447754e-06
18000 0 3.09944152832e-06
18000 1 3.81469726562e-06
18000 2 5.96046447754e-06
18000 3 6.91413879395e-06
18000 4 6.19888305664e-06
18000 5 5.00679016113e-06
18000 6 5.96046447754e-06
18000 7 6.91413879395e-06
18000 8 5.00679016113e-06
18000 9 3.81469726562e-06
18000 10 4.05311584473e-06
18000 11 5.96046447754e-06
18000 12 5.96046447754e-06
18100 0 3.09944152832e-06
18100 1 9.05990600586e-06
18100 2 8.10623168945e-06
18100 3 9.05990600586e-06
18100 4 6.19888305664e-06
18100 5 5.96046447754e-06
18100 6 6.91413879395e-06
18100 7 5.96046447754e-06
18100 8 5.96046447754e-06
18100 9 5.96046447754e-06
18100 10 5.00679016113e-06
18100 11 5.00679016113e-06
18100 12 5.00679016113e-06
18200 0 3.09944152832e-06
18200 1 5.96046447754e-06
18200 2 5.00679016113e-06
18200 3 5.00679016113e-06
18200 4 6.19888305664e-06
18200 5 5.00679016113e-06
18200 6 6.19888305664e-06
18200 7 5.96046447754e-06
18200 8 6.19888305664e-06
18200 9 5.96046447754e-06
18200 10 5.96046447754e-06
18200 11 5.00679016113e-06
18200 12 5.00679016113e-06
18300 0 4.05311584473e-06
18300 1 5.00679016113e-06
18300 2 4.05311584473e-06
18300 3 5.00679016113e-06
18300 4 5.96046447754e-06
18300 5 5.00679016113e-06
18300 6 5.00679016113e-06
18300 7 5.96046447754e-06
18300 8 5.96046447754e-06
18300 9 6.19888305664e-06
18300 10 5.00679016113e-06
18300 11 5.00679016113e-06
18300 12 5.96046447754e-06
18400 0 4.05311584473e-06
18400 1 5.00679016113e-06
18400 2 5.96046447754e-06
18400 3 6.91413879395e-06
18400 4 5.00679016113e-06
18400 5 5.00679016113e-06
18400 6 5.00679016113e-06
18400 7 5.96046447754e-06
18400 8 6.19888305664e-06
18400 9 5.96046447754e-06
18400 10 5.96046447754e-06
18400 11 5.00679016113e-06
18400 12 5.00679016113e-06
18500 0 3.09944152832e-06
18500 1 1.28746032715e-05
18500 2 5.00679016113e-06
18500 3 7.15255737305e-06
18500 4 5.96046447754e-06
18500 5 5.00679016113e-06
18500 6 4.76837158203e-06
18500 7 5.00679016113e-06
18500 8 5.96046447754e-06
18500 9 6.91413879395e-06
18500 10 5.96046447754e-06
18500 11 7.15255737305e-06
18500 12 5.96046447754e-06
18600 0 1.90734863281e-06
18600 1 5.96046447754e-06
18600 2 6.91413879395e-06
18600 3 5.96046447754e-06
18600 4 5.96046447754e-06
18600 5 5.00679016113e-06
18600 6 5.00679016113e-06
18600 7 8.10623168945e-06
18600 8 5.00679016113e-06
18600 9 5.96046447754e-06
18600 10 5.00679016113e-06
18600 11 5.00679016113e-06
18600 12 5.00679016113e-06
18700 0 2.86102294922e-06
18700 1 5.00679016113e-06
18700 2 5.00679016113e-06
18700 3 9.05990600586e-06
18700 4 5.00679016113e-06
18700 5 5.96046447754e-06
18700 6 5.96046447754e-06
18700 7 5.00679016113e-06
18700 8 7.15255737305e-06
18700 9 6.91413879395e-06
18700 10 5.96046447754e-06
18700 11 7.15255737305e-06
18700 12 9.05990600586e-06
18800 0 2.86102294922e-06
18800 1 5.00679016113e-06
18800 2 7.86781311035e-06
18800 3 6.19888305664e-06
18800 4 7.15255737305e-06
18800 5 5.00679016113e-06
18800 6 5.00679016113e-06
18800 7 8.10623168945e-06
18800 8 5.96046447754e-06
18800 9 4.05311584473e-06
18800 10 5.00679016113e-06
18800 11 5.96046447754e-06
18800 12 5.00679016113e-06
18900 0 2.86102294922e-06
18900 1 5.00679016113e-06
18900 2 5.96046447754e-06
18900 3 5.96046447754e-06
18900 4 5.96046447754e-06
18900 5 5.96046447754e-06
18900 6 4.76837158203e-06
18900 7 5.96046447754e-06
18900 8 7.86781311035e-06
18900 9 6.91413879395e-06
18900 10 9.05990600586e-06
18900 11 6.91413879395e-06
18900 12 5.96046447754e-06
19000 0 4.05311584473e-06
19000 1 6.19888305664e-06
19000 2 6.19888305664e-06
19000 3 6.91413879395e-06
19000 4 5.00679016113e-06
19000 5 5.96046447754e-06
19000 6 6.19888305664e-06
19000 7 5.96046447754e-06
19000 8 5.96046447754e-06
19000 9 5.00679016113e-06
19000 10 5.00679016113e-06
19000 11 5.00679016113e-06
19000 12 5.00679016113e-06
19100 0 1.90734863281e-06
19100 1 1.00135803223e-05
19100 2 9.05990600586e-06
19100 3 5.96046447754e-06
19100 4 5.00679016113e-06
19100 5 6.91413879395e-06
19100 6 5.00679016113e-06
19100 7 5.00679016113e-06
19100 8 5.96046447754e-06
19100 9 5.96046447754e-06
19100 10 5.00679016113e-06
19100 11 6.19888305664e-06
19100 12 5.96046447754e-06
19200 0 3.09944152832e-06
19200 1 6.91413879395e-06
19200 2 7.15255737305e-06
19200 3 5.96046447754e-06
19200 4 5.00679016113e-06
19200 5 5.96046447754e-06
19200 6 4.76837158203e-06
19200 7 5.00679016113e-06
19200 8 5.00679016113e-06
19200 9 5.00679016113e-06
19200 10 5.96046447754e-06
19200 11 7.15255737305e-06
19200 12 6.19888305664e-06
19300 0 3.09944152832e-06
19300 1 4.05311584473e-06
19300 2 9.05990600586e-06
19300 3 1.00135803223e-05
19300 4 5.96046447754e-06
19300 5 5.00679016113e-06
19300 6 5.00679016113e-06
19300 7 5.96046447754e-06
19300 8 9.05990600586e-06
19300 9 6.91413879395e-06
19300 10 7.86781311035e-06
19300 11 5.96046447754e-06
19300 12 5.96046447754e-06
19400 0 2.86102294922e-06
19400 1 9.05990600586e-06
19400 2 5.96046447754e-06
19400 3 5.96046447754e-06
19400 4 5.00679016113e-06
19400 5 6.19888305664e-06
19400 6 5.00679016113e-06
19400 7 5.00679016113e-06
19400 8 5.00679016113e-06
19400 9 5.96046447754e-06
19400 10 8.10623168945e-06
19400 11 6.19888305664e-06
19400 12 5.96046447754e-06
19500 0 3.09944152832e-06
19500 1 3.81469726562e-06
19500 2 5.96046447754e-06
19500 3 6.91413879395e-06
19500 4 5.96046447754e-06
19500 5 5.00679016113e-06
19500 6 5.00679016113e-06
19500 7 6.91413879395e-06
19500 8 7.86781311035e-06
19500 9 5.96046447754e-06
19500 10 7.15255737305e-06
19500 11 7.15255737305e-06
19500 12 5.96046447754e-06
19600 0 1.90734863281e-06
19600 1 5.96046447754e-06
19600 2 6.91413879395e-06
19600 3 5.96046447754e-06
19600 4 5.96046447754e-06
19600 5 5.00679016113e-06
19600 6 5.00679016113e-06
19600 7 6.19888305664e-06
19600 8 4.76837158203e-06
19600 9 5.00679016113e-06
19600 10 7.15255737305e-06
19600 11 5.00679016113e-06
19600 12 5.00679016113e-06
19700 0 2.86102294922e-06
19700 1 5.00679016113e-06
19700 2 5.00679016113e-06
19700 3 5.96046447754e-06
19700 4 5.96046447754e-06
19700 5 5.00679016113e-06
19700 6 5.96046447754e-06
19700 7 6.19888305664e-06
19700 8 5.00679016113e-06
19700 9 5.00679016113e-06
19700 10 5.96046447754e-06
19700 11 5.96046447754e-06
19700 12 5.96046447754e-06
19800 0 4.05311584473e-06
19800 1 4.05311584473e-06
19800 2 3.81469726562e-06
19800 3 9.05990600586e-06
19800 4 5.96046447754e-06
19800 5 5.00679016113e-06
19800 6 6.19888305664e-06
19800 7 5.00679016113e-06
19800 8 6.91413879395e-06
19800 9 8.10623168945e-06
19800 10 6.91413879395e-06
19800 11 5.96046447754e-06
19800 12 5.96046447754e-06
19900 0 2.86102294922e-06
19900 1 4.05311584473e-06
19900 2 5.96046447754e-06
19900 3 5.96046447754e-06
19900 4 5.00679016113e-06
19900 5 5.00679016113e-06
19900 6 6.19888305664e-06
19900 7 5.96046447754e-06
19900 8 7.15255737305e-06
19900 9 5.96046447754e-06
19900 10 5.00679016113e-06
19900 11 6.91413879395e-06
19900 12 5.96046447754e-06
20000 0 4.05311584473e-06
20000 1 4.05311584473e-06
20000 2 8.82148742676e-06
20000 3 5.96046447754e-06
20000 4 5.00679016113e-06
20000 5 5.00679016113e-06
20000 6 5.00679016113e-06
20000 7 5.96046447754e-06
20000 8 6.91413879395e-06
20000 9 7.86781311035e-06
20000 10 5.96046447754e-06
20000 11 5.00679016113e-06
20000 12 5.96046447754e-06
20100 0 3.81469726562e-06
20100 1 5.00679016113e-06
20100 2 8.10623168945e-06
20100 3 7.15255737305e-06
20100 4 5.96046447754e-06
20100 5 7.15255737305e-06
20100 6 5.00679016113e-06
20100 7 5.00679016113e-06
20100 8 5.00679016113e-06
20100 9 5.96046447754e-06
20100 10 5.00679016113e-06
20100 11 5.96046447754e-06
20100 12 5.96046447754e-06
20200 0 3.09944152832e-06
20200 1 1.50203704834e-05
20200 2 5.96046447754e-06
20200 3 5.96046447754e-06
20200 4 5.00679016113e-06
20200 5 5.00679016113e-06
20200 6 6.19888305664e-06
20200 7 6.19888305664e-06
20200 8 4.76837158203e-06
20200 9 5.96046447754e-06
20200 10 5.96046447754e-06
20200 11 6.91413879395e-06
20200 12 5.00679016113e-06
20300 0 3.09944152832e-06
20300 1 3.81469726562e-06
20300 2 5.00679016113e-06
20300 3 8.82148742676e-06
20300 4 5.00679016113e-06
20300 5 5.00679016113e-06
20300 6 5.00679016113e-06
20300 7 5.96046447754e-06
20300 8 5.00679016113e-06
20300 9 5.00679016113e-06
20300 10 5.00679016113e-06
20300 11 5.00679016113e-06
20300 12 5.00679016113e-06
20400 0 1.90734863281e-06
20400 1 1.19209289551e-05
20400 2 5.96046447754e-06
20400 3 5.96046447754e-06
20400 4 5.00679016113e-06
20400 5 5.00679016113e-06
20400 6 5.00679016113e-06
20400 7 6.19888305664e-06
20400 8 8.10623168945e-06
20400 9 4.76837158203e-06
20400 10 5.00679016113e-06
20400 11 5.00679016113e-06
20400 12 5.00679016113e-06
20500 0 1.90734863281e-06
20500 1 5.96046447754e-06
20500 2 5.96046447754e-06
20500 3 9.05990600586e-06
20500 4 5.00679016113e-06
20500 5 5.00679016113e-06
20500 6 8.82148742676e-06
20500 7 5.96046447754e-06
20500 8 6.19888305664e-06
20500 9 5.00679016113e-06
20500 10 5.00679016113e-06
20500 11 3.81469726562e-06
20500 12 3.81469726562e-06
20600 0 5.00679016113e-06
20600 1 5.00679016113e-06
20600 2 4.05311584473e-06
20600 3 8.10623168945e-06
20600 4 5.96046447754e-06
20600 5 6.19888305664e-06
20600 6 5.96046447754e-06
20600 7 5.96046447754e-06
20600 8 5.00679016113e-06
20600 9 5.96046447754e-06
20600 10 5.96046447754e-06
20600 11 5.00679016113e-06
20600 12 5.00679016113e-06
20700 0 3.09944152832e-06
20700 1 5.00679016113e-06
20700 2 5.96046447754e-06
20700 3 7.86781311035e-06
20700 4 5.00679016113e-06
20700 5 6.19888305664e-06
20700 6 7.15255737305e-06
20700 7 6.91413879395e-06
20700 8 8.82148742676e-06
20700 9 1.31130218506e-05
20700 10 7.15255737305e-06
20700 11 8.10623168945e-06
20700 12 5.96046447754e-06
20800 0 2.86102294922e-06
20800 1 5.00679016113e-06
20800 2 5.00679016113e-06
20800 3 5.00679016113e-06
20800 4 5.00679016113e-06
20800 5 5.00679016113e-06
20800 6 5.96046447754e-06
20800 7 5.00679016113e-06
20800 8 5.96046447754e-06
20800 9 5.00679016113e-06
20800 10 6.19888305664e-06
20800 11 5.96046447754e-06
20800 12 5.00679016113e-06
20900 0 3.09944152832e-06
20900 1 7.86781311035e-06
20900 2 5.96046447754e-06
20900 3 6.91413879395e-06
20900 4 1.09672546387e-05
20900 5 5.96046447754e-06
20900 6 5.00679016113e-06
20900 7 5.00679016113e-06
20900 8 5.96046447754e-06
20900 9 5.96046447754e-06
20900 10 6.91413879395e-06
20900 11 6.91413879395e-06
20900 12 5.00679016113e-06
21000 0 1.90734863281e-06
21000 1 5.00679016113e-06
21000 2 1.00135803223e-05
21000 3 5.96046447754e-06
21000 4 5.96046447754e-06
21000 5 5.00679016113e-06
21000 6 5.96046447754e-06
21000 7 6.19888305664e-06
21000 8 5.00679016113e-06
21000 9 5.00679016113e-06
21000 10 5.00679016113e-06
21000 11 5.00679016113e-06
21000 12 5.00679016113e-06
21100 0 3.09944152832e-06
21100 1 5.00679016113e-06
21100 2 4.05311584473e-06
21100 3 5.00679016113e-06
21100 4 5.96046447754e-06
21100 5 5.00679016113e-06
21100 6 5.00679016113e-06
21100 7 5.00679016113e-06
21100 8 5.00679016113e-06
21100 9 5.96046447754e-06
21100 10 6.91413879395e-06
21100 11 5.96046447754e-06
21100 12 7.15255737305e-06
21200 0 1.00135803223e-05
21200 1 6.91413879395e-06
21200 2 8.10623168945e-06
21200 3 9.05990600586e-06
21200 4 6.91413879395e-06
21200 5 6.19888305664e-06
21200 6 9.77516174316e-06
21200 7 3.19480895996e-05
21200 8 1.19209289551e-05
21200 9 1.28746032715e-05
21200 10 4.00543212891e-05
21200 11 1.31130218506e-05
21200 12 5.96046447754e-06
21300 0 3.09944152832e-06
21300 1 9.05990600586e-06
21300 2 1.09672546387e-05
21300 3 8.10623168945e-06
21300 4 9.05990600586e-06
21300 5 2.31266021729e-05
21300 6 1.09672546387e-05
21300 7 1.09672546387e-05
21300 8 1.09672546387e-05
21300 9 1.50203704834e-05
21300 10 1.59740447998e-05
21300 11 1.38282775879e-05
21300 12 1.19209289551e-05
21400 0 1.31130218506e-05
21400 1 1.71661376953e-05
21400 2 6.91413879395e-06
21400 3 7.86781311035e-06
21400 4 9.05990600586e-06
21400 5 1.00135803223e-05
21400 6 1.00135803223e-05
21400 7 1.00135803223e-05
21400 8 1.4066696167e-05
21400 9 1.19209289551e-05
21400 10 2.90870666504e-05
21400 11 1.00135803223e-05
21400 12 1.19209289551e-05
21500 0 1.4066696167e-05
21500 1 2.19345092773e-05
21500 2 1.81198120117e-05
21500 3 8.10623168945e-06
21500 4 1.81198120117e-05
21500 5 1.00135803223e-05
21500 6 2.38418579102e-05
21500 7 1.09672546387e-05
21500 8 1.00135803223e-05
21500 9 1.59740447998e-05
21500 10 1.00135803223e-05
21500 11 1.59740447998e-05
21500 12 3.69548797607e-05
21600 0 1.4066696167e-05
21600 1 1.78813934326e-05
21600 2 8.82148742676e-06
21600 3 2.40802764893e-05
21600 4 8.82148742676e-06
21600 5 1.78813934326e-05
21600 6 7.86781311035e-06
21600 7 9.05990600586e-06
21600 8 1.00135803223e-05
21600 9 3.48091125488e-05
21600 10 1.00135803223e-05
21600 11 2.8133392334e-05
21600 12 1.71661376953e-05
21700 0 3.81469726562e-06
21700 1 9.05990600586e-06
21700 2 1.4066696167e-05
21700 3 2.50339508057e-05
21700 4 9.05990600586e-06
21700 5 1.90734863281e-05
