0 0 4.05311584473e-06
0 1 2.86102294922e-06
0 2 3.81469726562e-06
0 3 2.86102294922e-06
0 4 5.00679016113e-06
0 5 4.05311584473e-06
0 6 5.00679016113e-06
0 7 5.00679016113e-06
0 8 5.00679016113e-06
0 9 5.00679016113e-06
0 10 5.00679016113e-06
0 11 5.00679016113e-06
0 12 5.96046447754e-06
100 0 4.50611114502e-05
100 1 0.000159025192261
100 2 0.000134229660034
100 3 0.000160932540894
100 4 0.000221967697144
100 5 0.000295877456665
100 6 0.000340938568115
100 7 0.000515937805176
100 8 0.000488042831421
100 9 0.000585794448853
100 10 0.000499963760376
100 11 0.000954866409302
100 12 0.000591993331909
200 0 0.000128030776978
200 1 0.000209093093872
200 2 0.000296831130981
200 3 0.000367879867554
200 4 0.000402927398682
200 5 0.000453948974609
200 6 0.00043797492981
200 7 0.000482082366943
200 8 0.00055193901062
200 9 0.000587940216064
200 10 0.00065016746521
200 11 0.000678062438965
200 12 0.000739097595215
300 0 0.000261068344116
300 1 0.000313997268677
300 2 0.000365018844604
300 3 0.00068998336792
300 4 0.000462055206299
300 5 0.00101399421692
300 6 0.000643014907837
300 7 0.000688076019287
300 8 0.000845909118652
300 9 0.000925064086914
300 10 0.00104594230652
300 11 0.00109195709229
300 12 0.00119590759277
400 0 0.000257968902588
400 1 0.000342130661011
400 2 0.000393867492676
400 3 0.000465869903564
400 4 0.000646114349365
400 5 0.00101900100708
400 6 0.00121593475342
400 7 0.00129199028015
400 8 0.0013701915741
400 9 0.00165104866028
400 10 0.00245094299316
400 11 0.00199890136719
400 12 0.00214385986328
500 0 0.000307083129883
500 1 0.000418901443481
500 2 0.000578880310059
500 3 0.000744104385376
500 4 0.00098705291748
500 5 0.0012321472168
500 6 0.00185489654541
500 7 0.00168418884277
500 8 0.00206804275513
500 9 0.00342202186584
500 10 0.00256085395813
500 11 0.00259113311768
500 12 0.00287199020386
600 0 0.000348806381226
600 1 0.000628232955933
600 2 0.000965118408203
600 3 0.00139212608337
600 4 0.00163602828979
600 5 0.00180315971375
600 6 0.00225305557251
600 7 0.00311899185181
600 8 0.00376296043396
600 9 0.00372910499573
600 10 0.00392699241638
600 11 0.00548195838928
600 12 0.00453805923462
700 0 0.000735998153687
700 1 0.000986099243164
700 2 0.00167417526245
700 3 0.00247097015381
700 4 0.00241112709045
700 5 0.00291681289673
700 6 0.00372195243835
700 7 0.00374102592468
700 8 0.00367307662964
700 9 0.00452017784119
700 10 0.00635981559753
700 11 0.00490999221802
700 12 0.00628614425659
800 0 0.000694036483765
800 1 0.00159311294556
800 2 0.00166487693787
800 3 0.00224995613098
800 4 0.00255703926086
800 5 0.00290584564209
800 6 0.00309109687805
800 7 0.00322580337524
800 8 0.00372195243835
800 9 0.00432300567627
800 10 0.00506401062012
800 11 0.00568413734436
800 12 0.00564289093018
900 0 0.000697135925293
900 1 0.00150489807129
900 2 0.00241494178772
900 3 0.0026330947876
900 4 0.0030689239502
900 5 0.00425815582275
900 6 0.00434303283691
900 7 0.00527691841125
900 8 0.00608015060425
900 9 0.00609803199768
900 10 0.00833582878113
900 11 0.00660109519958
900 12 0.00870394706726
1000 0 0.000775098800659
1000 1 0.00120091438293
1000 2 0.00173401832581
1000 3 0.00272011756897
1000 4 0.00462603569031
1000 5 0.00436091423035
1000 6 0.00441789627075
1000 7 0.00708889961243
1000 8 0.00567102432251
1000 9 0.00919103622437
1000 10 0.00661706924438
1000 11 0.0105140209198
1000 12 0.00787305831909
1100 0 0.00117802619934
1100 1 0.00266790390015
1100 2 0.00202703475952
1100 3 0.0024299621582
1100 4 0.00413012504578
1100 5 0.00728702545166
1100 6 0.00452303886414
1100 7 0.00671410560608
1100 8 0.00869989395142
1100 9 0.00896096229553
1100 10 0.00808596611023
1100 11 0.00999903678894
1100 12 0.00914597511292
1200 0 0.00174403190613
1200 1 0.00180411338806
1200 2 0.00366187095642
1200 3 0.00370407104492
1200 4 0.00414299964905
1200 5 0.00454711914062
1200 6 0.00815582275391
1200 7 0.00546312332153
1200 8 0.0101199150085
1200 9 0.00766181945801
1200 10 0.0122339725494
1200 11 0.0135312080383
1200 12 0.0106229782104
1300 0 0.00171518325806
1300 1 0.00173997879028
1300 2 0.00299406051636
1300 3 0.00487995147705
1300 4 0.00434899330139
1300 5 0.00585889816284
1300 6 0.00806188583374
1300 7 0.00618600845337
1300 8 0.0107650756836
1300 9 0.0103580951691
1300 10 0.010143995285
1300 11 0.01486992836
1300 12 0.0117697715759
1400 0 0.000965118408203
1400 1 0.00161695480347
1400 2 0.0028669834137
1400 3 0.007248878479
1400 4 0.00430393218994
1400 5 0.00756788253784
1400 6 0.00647187232971
1400 7 0.0107607841492
1400 8 0.00868701934814
1400 9 0.0133500099182
1400 10 0.0114941596985
1400 11 0.0135540962219
1400 12 0.0140600204468
1500 0 0.00113201141357
1500 1 0.00180816650391
1500 2 0.00254702568054
1500 3 0.0050220489502
1500 4 0.00612497329712
1500 5 0.00644707679749
1500 6 0.00842905044556
1500 7 0.00787115097046
1500 8 0.0103850364685
1500 9 0.0131239891052
1500 10 0.0103809833527
1500 11 0.0106401443481
1500 12 0.0144309997559
1600 0 0.00118589401245
1600 1 0.00250005722046
1600 2 0.00671601295471
1600 3 0.00382304191589
1600 4 0.00744700431824
1600 5 0.00722098350525
1600 6 0.0106580257416
1600 7 0.00847291946411
1600 8 0.0139188766479
1600 9 0.0144979953766
1600 10 0.0154609680176
1600 11 0.0168478488922
1600 12 0.0170180797577
1700 0 0.00226712226868
1700 1 0.00487518310547
1700 2 0.00325202941895
1700 3 0.00459504127502
1700 4 0.00927996635437
1700 5 0.00799202919006
1700 6 0.00923585891724
1700 7 0.0125620365143
1700 8 0.0116472244263
1700 9 0.0106039047241
1700 10 0.0144698619843
1700 11 0.0171430110931
1700 12 0.0172920227051
1800 0 0.00394201278687
1800 1 0.00235199928284
1800 2 0.00313305854797
1800 3 0.00555109977722
1800 4 0.00693893432617
1800 5 0.0107600688934
1800 6 0.00764799118042
1800 7 0.0118730068207
1800 8 0.0148210525513
1800 9 0.0151309967041
1800 10 0.0178270339966
1800 11 0.0170860290527
1800 12 0.0166420936584
1900 0 0.00179100036621
1900 1 0.00367188453674
1900 2 0.00362801551819
1900 3 0.00468707084656
1900 4 0.00927305221558
1900 5 0.00780987739563
1900 6 0.0103979110718
1900 7 0.0110030174255
1900 8 0.0135340690613
1900 9 0.0162250995636
1900 10 0.0192279815674
1900 11 0.0192978382111
1900 12 0.0201489925385
2000 0 0.00216293334961
2000 1 0.00402116775513
2000 2 0.00359010696411
2000 3 0.00821709632874
2000 4 0.00645804405212
2000 5 0.00973701477051
2000 6 0.00747585296631
2000 7 0.0122480392456
2000 8 0.0120680332184
2000 9 0.0203499794006
2000 10 0.0179259777069
2000 11 0.0200159549713
2000 12 0.0186078548431
2100 0 0.00149917602539
2100 1 0.00243616104126
2100 2 0.00349402427673
2100 3 0.00697088241577
2100 4 0.00766110420227
2100 5 0.0120759010315
2100 6 0.0106678009033
2100 7 0.0108828544617
2100 8 0.0160310268402
2100 9 0.0167059898376
2100 10 0.0178639888763
2100 11 0.0172200202942
2100 12 0.0176000595093
2200 0 0.00141406059265
2200 1 0.00248098373413
2200 2 0.00348019599915
2200 3 0.00835299491882
2200 4 0.00727605819702
2200 5 0.0126950740814
2200 6 0.0140089988708
2200 7 0.0151588916779
2200 8 0.0149900913239
2200 9 0.0153000354767
2200 10 0.0163640975952
2200 11 0.0171909332275
2200 12 0.0177481174469
2300 0 0.00157403945923
2300 1 0.0025908946991
2300 2 0.00557494163513
2300 3 0.00690412521362
2300 4 0.0119349956512
2300 5 0.0104260444641
2300 6 0.0116701126099
2300 7 0.0110838413239
2300 8 0.0124671459198
2300 9 0.0159010887146
2300 10 0.0185220241547
2300 11 0.0194261074066
2300 12 0.0209279060364
2400 0 0.00217390060425
2400 1 0.00390815734863
2400 2 0.00386500358582
2400 3 0.0101511478424
2400 4 0.00733494758606
2400 5 0.0129442214966
2400 6 0.0146899223328
2400 7 0.0173480510712
2400 8 0.021675825119
2400 9 0.0217459201813
2400 10 0.0194191932678
2400 11 0.0238049030304
2400 12 0.0237221717834
2500 0 0.0017249584198
2500 1 0.0030210018158
2500 2 0.00849890708923
2500 3 0.0059540271759
2500 4 0.0128290653229
2500 5 0.013827085495
2500 6 0.0142118930817
2500 7 0.0167942047119
2500 8 0.0193710327148
2500 9 0.0221199989319
2500 10 0.0224390029907
2500 11 0.0226440429688
2500 12 0.0253458023071
2600 0 0.00217008590698
2600 1 0.00307297706604
2600 2 0.00720691680908
2600 3 0.00722098350525
2600 4 0.013552904129
2600 5 0.0139610767365
2600 6 0.015820980072
2600 7 0.0194840431213
2600 8 0.0214350223541
2600 9 0.0209989547729
2600 10 0.0191979408264
2600 11 0.0248081684113
2600 12 0.026428937912
2700 0 0.00179600715637
2700 1 0.00419306755066
2700 2 0.00953006744385
2700 3 0.00848197937012
2700 4 0.0112898349762
2700 5 0.0184168815613
2700 6 0.0140678882599
2700 7 0.0156500339508
2700 8 0.0183751583099
2700 9 0.0214250087738
2700 10 0.0284149646759
2700 11 0.0274560451508
2700 12 0.0272960662842
2800 0 0.0032958984375
2800 1 0.00676393508911
2800 2 0.00582909584045
2800 3 0.0121791362762
2800 4 0.0145001411438
2800 5 0.0159330368042
2800 6 0.0171821117401
2800 7 0.0185029506683
2800 8 0.0256640911102
2800 9 0.0234711170197
2800 10 0.027379989624
2800 11 0.0269560813904
2800 12 0.0308477878571
2900 0 0.0034339427948
2900 1 0.00449800491333
2900 2 0.00744795799255
2900 3 0.00957298278809
2900 4 0.0138590335846
2900 5 0.0164079666138
2900 6 0.0181641578674
2900 7 0.0222270488739
2900 8 0.0220789909363
2900 9 0.0209140777588
2900 10 0.0270011425018
2900 11 0.0225348472595
2900 12 0.0281529426575
3000 0 0.00188112258911
3000 1 0.0035138130188
3000 2 0.00829410552979
3000 3 0.00981092453003
3000 4 0.0136301517487
3000 5 0.0165579319
3000 6 0.0183749198914
3000 7 0.0187449455261
3000 8 0.0195829868317
3000 9 0.0211400985718
3000 10 0.028342962265
3000 11 0.0290830135345
3000 12 0.0214550495148
3100 0 0.00181889533997
3100 1 0.00430393218994
3100 2 0.00940608978271
3100 3 0.0118179321289
3100 4 0.017548084259
3100 5 0.0180020332336
3100 6 0.0214879512787
3100 7 0.0209400653839
3100 8 0.0209720134735
3100 9 0.0291919708252
3100 10 0.0244979858398
3100 11 0.0301129817963
3100 12 0.0319859981537
3200 0 0.00216197967529
3200 1 0.00843000411987
3200 2 0.0059540271759
3200 3 0.0134880542755
3200 4 0.0163140296936
3200 5 0.0213210582733
3200 6 0.0196139812469
3200 7 0.0216281414032
3200 8 0.0288841724396
3200 9 0.0281500816345
3200 10 0.0319380760193
3200 11 0.0337898731232
3200 12 0.0372679233551
3300 0 0.00236105918884
3300 1 0.0067458152771
3300 2 0.00870800018311
3300 3 0.014151096344
3300 4 0.0176739692688
3300 5 0.0210988521576
3300 6 0.0193707942963
3300 7 0.0201909542084
3300 8 0.022763967514
3300 9 0.0271999835968
3300 10 0.030396938324
3300 11 0.0272579193115
3300 12 0.0343909263611
3400 0 0.00428509712219
3400 1 0.00437998771667
3400 2 0.0122549533844
3400 3 0.0128140449524
3400 4 0.0132191181183
3400 5 0.0175619125366
3400 6 0.0194671154022
3400 7 0.0241260528564
3400 8 0.0268819332123
3400 9 0.0292899608612
3400 10 0.0264282226562
3400 11 0.0261430740356
3400 12 0.0324628353119
3500 0 0.00382399559021
3500 1 0.00787496566772
3500 2 0.00818800926208
3500 3 0.0116429328918
3500 4 0.0154030323029
3500 5 0.0201900005341
3500 6 0.0213489532471
3500 7 0.0236361026764
3500 8 0.0292630195618
3500 9 0.0320529937744
3500 10 0.0341010093689
3500 11 0.0353119373322
3500 12 0.0395288467407
3600 0 0.00480389595032
3600 1 0.0048770904541
3600 2 0.0127389431
3600 3 0.0152199268341
3600 4 0.0181758403778
3600 5 0.0221970081329
3600 6 0.0213551521301
3600 7 0.0235469341278
3600 8 0.027440071106
3600 9 0.0344300270081
3600 10 0.034255027771
3600 11 0.0409829616547
3600 12 0.0450460910797
3700 0 0.00278806686401
3700 1 0.00792598724365
3700 2 0.0136170387268
3700 3 0.014909029007
3700 4 0.017951965332
3700 5 0.022045135498
3700 6 0.0210928916931
3700 7 0.0248889923096
3700 8 0.0277309417725
3700 9 0.033490896225
3700 10 0.0385899543762
3700 11 0.0390849113464
3700 12 0.0400638580322
3800 0 0.00548005104065
3800 1 0.00588297843933
3800 2 0.0131990909576
3800 3 0.0154409408569
3800 4 0.0182328224182
3800 5 0.0221679210663
3800 6 0.0231721401215
3800 7 0.0261080265045
3800 8 0.0281331539154
3800 9 0.0313448905945
3800 10 0.0389201641083
3800 11 0.040552854538
3800 12 0.0416438579559
3900 0 0.00666284561157
3900 1 0.00559997558594
3900 2 0.0124361515045
3900 3 0.0152018070221
3900 4 0.0188338756561
3900 5 0.0232949256897
3900 6 0.0247101783752
3900 7 0.0299758911133
3900 8 0.0334520339966
3900 9 0.0356109142303
3900 10 0.0403861999512
3900 11 0.0408070087433
3900 12 0.0443050861359
4000 0 0.00310707092285
4000 1 0.00863099098206
4000 2 0.0100338459015
4000 3 0.0130319595337
4000 4 0.0268130302429
4000 5 0.0213959217072
4000 6 0.0256769657135
4000 7 0.0270440578461
4000 8 0.0341849327087
4000 9 0.040384054184
4000 10 0.0451529026031
4000 11 0.0408239364624
4000 12 0.0442659854889
4100 0 0.00288009643555
4100 1 0.00825190544128
4100 2 0.00674486160278
4100 3 0.0104990005493
4100 4 0.0166110992432
4100 5 0.0219519138336
4100 6 0.0256237983704
4100 7 0.0307719707489
4100 8 0.0344500541687
4100 9 0.0375819206238
4100 10 0.0449728965759
4100 11 0.0453059673309
4100 12 0.0461790561676
4200 0 0.00625610351562
4200 1 0.0066978931427
4200 2 0.0123569965363
4200 3 0.0150818824768
4200 4 0.0228109359741
4200 5 0.0244669914246
4200 6 0.0296881198883
4200 7 0.0311200618744
4200 8 0.0362179279327
4200 9 0.0394229888916
4200 10 0.0407810211182
4200 11 0.0480229854584
4200 12 0.0506551265717
4300 0 0.0034351348877
4300 1 0.0119400024414
4300 2 0.011382818222
4300 3 0.0168478488922
4300 4 0.0153517723083
4300 5 0.0192959308624
4300 6 0.0297911167145
4300 7 0.0327250957489
4300 8 0.0351040363312
4300 9 0.0349049568176
4300 10 0.0409848690033
4300 11 0.0407910346985
4300 12 0.0437409877777
4400 0 0.00361490249634
4400 1 0.00616598129272
4400 2 0.0136570930481
4400 3 0.0166499614716
4400 4 0.0231320858002
4400 5 0.0211160182953
4400 6 0.030287027359
4400 7 0.0256857872009
4400 8 0.0350279808044
4400 9 0.0397891998291
4400 10 0.046010017395
4400 11 0.0503628253937
4400 12 0.0512201786041
4500 0 0.00325989723206
4500 1 0.0118901729584
4500 2 0.0157170295715
4500 3 0.0172860622406
4500 4 0.0224051475525
4500 5 0.0285139083862
4500 6 0.0294601917267
4500 7 0.0325739383698
4500 8 0.0383849143982
4500 9 0.0420718193054
4500 10 0.0434679985046
4500 11 0.0526030063629
4500 12 0.0527410507202
4600 0 0.00339293479919
4600 1 0.00851392745972
4600 2 0.00765013694763
4600 3 0.0116159915924
4600 4 0.0191130638123
4600 5 0.0288028717041
4600 6 0.0314028263092
4600 7 0.0343110561371
4600 8 0.0409910678864
4600 9 0.0418748855591
4600 10 0.0472991466522
4600 11 0.0526909828186
4600 12 0.0531251430511
4700 0 0.00700402259827
4700 1 0.00668811798096
4700 2 0.0108361244202
4700 3 0.0120570659637
4700 4 0.0197310447693
4700 5 0.0258619785309
4700 6 0.0281879901886
4700 7 0.0321002006531
4700 8 0.0409710407257
4700 9 0.0448560714722
4700 10 0.0458920001984
4700 11 0.0526659488678
4700 12 0.0512089729309
4800 0 0.0056631565094
4800 1 0.00898814201355
4800 2 0.0129330158234
4800 3 0.0183589458466
4800 4 0.0240561962128
4800 5 0.0275239944458
4800 6 0.0337128639221
4800 7 0.0352439880371
4800 8 0.0393259525299
4800 9 0.0428650379181
4800 10 0.0501570701599
4800 11 0.0521609783173
4800 12 0.050173997879
4900 0 0.00542998313904
4900 1 0.00915908813477
4900 2 0.0148739814758
4900 3 0.0182938575745
4900 4 0.0256860256195
4900 5 0.0269200801849
4900 6 0.0333700180054
4900 7 0.0334720611572
4900 8 0.0417261123657
4900 9 0.0475261211395
4900 10 0.0511610507965
4900 11 0.0537388324738
4900 12 0.0573298931122
5000 0 0.00441002845764
5000 1 0.012843132019
5000 2 0.0137710571289
5000 3 0.0132820606232
5000 4 0.0197749137878
5000 5 0.0280289649963
5000 6 0.0365221500397
5000 7 0.0360171794891
5000 8 0.046364068985
5000 9 0.0496728420258
5000 10 0.0521519184113
5000 11 0.0548639297485
5000 12 0.0580971240997
5100 0 0.00418901443481
5100 1 0.01265001297
5100 2 0.0159001350403
5100 3 0.0193018913269
5100 4 0.0292160511017
5100 5 0.0322020053864
5100 6 0.0351619720459
5100 7 0.0366630554199
5100 8 0.0432419776917
5100 9 0.0496900081635
5100 10 0.0586290359497
5100 11 0.0575079917908
5100 12 0.0580761432648
5200 0 0.00725388526917
5200 1 0.00995206832886
5200 2 0.0177609920502
5200 3 0.0206758975983
5200 4 0.0298140048981
5200 5 0.0321190357208
5200 6 0.0345151424408
5200 7 0.0415539741516
5200 8 0.0418200492859
5200 9 0.0525741577148
5200 10 0.0502259731293
5200 11 0.0576419830322
5200 12 0.0600569248199
5300 0 0.00881004333496
5300 1 0.0120120048523
5300 2 0.0195119380951
5300 3 0.0225811004639
5300 4 0.0264110565186
5300 5 0.0321319103241
5300 6 0.0374419689178
5300 7 0.0370240211487
5300 8 0.0455060005188
5300 9 0.0503561496735
5300 10 0.0416300296783
5300 11 0.0571148395538
5300 12 0.0631017684937
5400 0 0.00708603858948
5400 1 0.00966787338257
5400 2 0.0149471759796
5400 3 0.0219850540161
5400 4 0.0266559123993
5400 5 0.0290191173553
5400 6 0.0351450443268
5400 7 0.0396649837494
5400 8 0.0476448535919
5400 9 0.0529928207397
5400 10 0.0561821460724
5400 11 0.0598669052124
5400 12 0.0661969184875
5500 0 0.00412106513977
5500 1 0.0143239498138
5500 2 0.015645980835
5500 3 0.0193319320679
5500 4 0.0263659954071
5500 5 0.0356960296631
5500 6 0.0336818695068
5500 7 0.0397958755493
5500 8 0.0413019657135
5500 9 0.0466570854187
5500 10 0.0490798950195
5500 11 0.0470190048218
5500 12 0.066220998764
5600 0 0.00457191467285
5600 1 0.0135381221771
5600 2 0.0180251598358
5600 3 0.0272879600525
5600 4 0.027067899704
5600 5 0.0307290554047
5600 6 0.0353569984436
5600 7 0.0439209938049
5600 8 0.0480329990387
5600 9 0.0564339160919
5600 10 0.0581119060516
5600 11 0.0652627944946
5600 12 0.0669751167297
5700 0 0.00443601608276
5700 1 0.0134980678558
5700 2 0.0168931484222
5700 3 0.0246641635895
5700 4 0.0282740592957
5700 5 0.0363869667053
5700 6 0.037369966507
5700 7 0.0464341640472
5700 8 0.0496690273285
5700 9 0.0587360858917
5700 10 0.0601119995117
5700 11 0.0659220218658
5700 12 0.0685667991638
5800 0 0.00907015800476
5800 1 0.0110609531403
5800 2 0.017263174057
5800 3 0.0236859321594
5800 4 0.0318660736084
5800 5 0.0360519886017
5800 6 0.0363831520081
5800 7 0.0418729782104
5800 8 0.0510849952698
5800 9 0.0602600574493
5800 10 0.0681850910187
5800 11 0.0757060050964
5800 12 0.0722289085388
5900 0 0.00477600097656
5900 1 0.0137920379639
5900 2 0.0184941291809
5900 3 0.0244710445404
5900 4 0.032124042511
5900 5 0.0359630584717
5900 6 0.0381720066071
5900 7 0.0474500656128
5900 8 0.0486860275269
5900 9 0.0649139881134
5900 10 0.0636270046234
5900 11 0.068531036377
5900 12 0.0730400085449
6000 0 0.00790691375732
6000 1 0.0137979984283
6000 2 0.0198431015015
6000 3 0.0268959999084
6000 4 0.0292811393738
6000 5 0.0313358306885
6000 6 0.0405700206757
6000 7 0.0463089942932
6000 8 0.0527150630951
6000 9 0.0554609298706
6000 10 0.0608079433441
6000 11 0.0682208538055
6000 12 0.0666038990021
6100 0 0.00957703590393
6100 1 0.0122249126434
6100 2 0.0212578773499
6100 3 0.0215711593628
6100 4 0.0298700332642
6100 5 0.0367658138275
6100 6 0.0405671596527
6100 7 0.0470850467682
6100 8 0.0531849861145
6100 9 0.0646870136261
6100 10 0.0676240921021
6100 11 0.0676319599152
6100 12 0.0752909183502
6200 0 0.00694298744202
6200 1 0.0139048099518
6200 2 0.018406867981
6200 3 0.0276989936829
6200 4 0.0327279567719
6200 5 0.0366399288177
6200 6 0.0443511009216
6200 7 0.0478930473328
6200 8 0.056370973587
6200 9 0.065976858139
6200 10 0.0667779445648
6200 11 0.0680041313171
6200 12 0.0642869472504
6300 0 0.00680088996887
6300 1 0.010913848877
6300 2 0.0222749710083
6300 3 0.0225670337677
6300 4 0.0305600166321
6300 5 0.0323460102081
6300 6 0.0363171100616
6300 7 0.0453779697418
6300 8 0.0555598735809
6300 9 0.0628230571747
6300 10 0.0680019855499
6300 11 0.0729250907898
6300 12 0.0763709545135
6400 0 0.00553798675537
6400 1 0.016016960144
6400 2 0.0217678546906
6400 3 0.0259749889374
6400 4 0.0298249721527
6400 5 0.0397779941559
6400 6 0.0450630187988
6400 7 0.0523779392242
6400 8 0.055074930191
6400 9 0.0640110969543
6400 10 0.0750751495361
6400 11 0.0656189918518
6400 12 0.0672459602356
6500 0 0.00575399398804
6500 1 0.0126738548279
6500 2 0.0178008079529
6500 3 0.0213479995728
6500 4 0.0304479598999
6500 5 0.0367970466614
6500 6 0.0399091243744
6500 7 0.0400161743164
6500 8 0.0537800788879
6500 9 0.0583741664886
6500 10 0.0583930015564
6500 11 0.0661361217499
6500 12 0.0713438987732
6600 0 0.00474214553833
6600 1 0.0147049427032
6600 2 0.0218269824982
6600 3 0.0244262218475
6600 4 0.0316660404205
6600 5 0.0333859920502
6600 6 0.038547039032
6600 7 0.0449540615082
6600 8 0.0509948730469
6600 9 0.0529220104218
6600 10 0.0609440803528
6600 11 0.0649969577789
6600 12 0.0640490055084
6700 0 0.00465416908264
6700 1 0.0141310691833
6700 2 0.0229599475861
6700 3 0.0245869159698
6700 4 0.0333821773529
6700 5 0.0342750549316
6700 6 0.0418989658356
6700 7 0.0433170795441
6700 8 0.0624520778656
6700 9 0.0663571357727
6700 10 0.0516040325165
6700 11 0.0784549713135
6700 12 0.0831789970398
6800 0 0.00573897361755
6800 1 0.014463186264
6800 2 0.0231199264526
6800 3 0.0242660045624
6800 4 0.0342028141022
6800 5 0.0451629161835
6800 6 0.0485279560089
6800 7 0.0513529777527
6800 8 0.0588829517365
6800 9 0.0692629814148
6800 10 0.0718779563904
6800 11 0.0795829296112
6800 12 0.0702750682831
6900 0 0.00592494010925
6900 1 0.0164248943329
6900 2 0.0235149860382
6900 3 0.0304300785065
6900 4 0.0364940166473
6900 5 0.0461180210114
6900 6 0.0489718914032
6900 7 0.0519599914551
6900 8 0.0648810863495
6900 9 0.0675148963928
6900 10 0.0742230415344
6900 11 0.0782060623169
6900 12 0.0809140205383
7000 0 0.00666999816895
7000 1 0.0168089866638
7000 2 0.0190229415894
7000 3 0.0266208648682
7000 4 0.0374729633331
7000 5 0.0490081310272
7000 6 0.0492880344391
7000 7 0.0544130802155
7000 8 0.0647799968719
7000 9 0.0682170391083
7000 10 0.0681450366974
7000 11 0.0719861984253
7000 12 0.0741100311279
7100 0 0.0102369785309
7100 1 0.0142641067505
7100 2 0.0187089443207
7100 3 0.0269999504089
7100 4 0.0383880138397
7100 5 0.0448970794678
7100 6 0.0532469749451
7100 7 0.0524950027466
7100 8 0.0658569335938
7100 9 0.0723729133606
7100 10 0.076385974884
7100 11 0.0843131542206
7100 12 0.0829718112946
7200 0 0.0108749866486
7200 1 0.0167059898376
7200 2 0.0211470127106
7200 3 0.0292270183563
7200 4 0.0413339138031
7200 5 0.0491540431976
7200 6 0.0536589622498
7200 7 0.0549120903015
7200 8 0.0626301765442
7200 9 0.06973695755
7200 10 0.077476978302
7200 11 0.0821599960327
7200 12 0.0858521461487
7300 0 0.00684189796448
7300 1 0.0174589157104
7300 2 0.0221388339996
7300 3 0.0314729213715
7300 4 0.0368359088898
7300 5 0.0451719760895
7300 6 0.052206993103
7300 7 0.0592110157013
7300 8 0.0687491893768
7300 9 0.069638967514
7300 10 0.0806479454041
7300 11 0.0819389820099
7300 12 0.0865030288696
7400 0 0.0112569332123
7400 1 0.0169899463654
7400 2 0.0228071212769
7400 3 0.029196023941
7400 4 0.0391721725464
7400 5 0.0421760082245
7400 6 0.0514600276947
7400 7 0.0488088130951
7400 8 0.0588359832764
7400 9 0.067155122757
7400 10 0.0709509849548
7400 11 0.0784499645233
7400 12 0.0873730182648
7500 0 0.00801086425781
7500 1 0.0205719470978
7500 2 0.021112203598
7500 3 0.0289399623871
7500 4 0.0359151363373
7500 5 0.0427651405334
7500 6 0.042083978653
7500 7 0.0586769580841
7500 8 0.0637509822845
7500 9 0.0699059963226
7500 10 0.0807409286499
7500 11 0.0879499912262
7500 12 0.0950269699097
7600 0 0.00664114952087
7600 1 0.0126187801361
7600 2 0.014988899231
7600 3 0.0294530391693
7600 4 0.037505865097
7600 5 0.0467050075531
7600 6 0.0499360561371
7600 7 0.0602819919586
7600 8 0.0709872245789
7600 9 0.0717470645905
7600 10 0.0693988800049
7600 11 0.0761480331421
7600 12 0.0854020118713
7700 0 0.0099401473999
7700 1 0.0167450904846
7700 2 0.0222911834717
7700 3 0.0294990539551
7700 4 0.0477249622345
7700 5 0.0500988960266
7700 6 0.0589289665222
7700 7 0.0624420642853
7700 8 0.0726001262665
7700 9 0.0692439079285
7700 10 0.0806660652161
7700 11 0.0867400169373
7700 12 0.0934920310974
7800 0 0.00752687454224
7800 1 0.0183999538422
7800 2 0.0251610279083
7800 3 0.0325689315796
7800 4 0.0404391288757
7800 5 0.0448467731476
7800 6 0.057981967926
7800 7 0.0639891624451
7800 8 0.0761699676514
7800 9 0.0775458812714
7800 10 0.0853228569031
7800 11 0.0862648487091
7800 12 0.0945250988007
7900 0 0.00803184509277
7900 1 0.0165321826935
7900 2 0.0252351760864
7900 3 0.0335450172424
7900 4 0.047434091568
7900 5 0.0507249832153
7900 6 0.0538220405579
7900 7 0.0633151531219
7900 8 0.0727651119232
7900 9 0.0830390453339
7900 10 0.0925350189209
7900 11 0.0918600559235
7900 12 0.101115942001
8000 0 0.00800585746765
8000 1 0.0169410705566
8000 2 0.0268371105194
8000 3 0.0318801403046
8000 4 0.0470380783081
8000 5 0.0513410568237
8000 6 0.0600368976593
8000 7 0.0622701644897
8000 8 0.0762150287628
8000 9 0.0791411399841
8000 10 0.0871770381927
8000 11 0.0944640636444
8000 12 0.0990469455719
8100 0 0.00760197639465
8100 1 0.0128259658813
8100 2 0.0153999328613
8100 3 0.0330820083618
8100 4 0.0448842048645
8100 5 0.0510699748993
8100 6 0.0555899143219
8100 7 0.062705039978
8100 8 0.0737009048462
8100 9 0.0857560634613
8100 10 0.0869591236115
8100 11 0.0956001281738
8100 12 0.0998511314392
8200 0 0.00804615020752
8200 1 0.0197720527649
8200 2 0.0253901481628
8200 3 0.0320250988007
8200 4 0.043436050415
8200 5 0.0524699687958
8200 6 0.0612409114838
8200 7 0.0677480697632
8200 8 0.0725162029266
8200 9 0.0950818061829
8200 10 0.0856239795685
8200 11 0.0952899456024
8200 12 0.10152888298
8300 0 0.00843095779419
8300 1 0.0227978229523
8300 2 0.0316429138184
8300 3 0.0347361564636
8300 4 0.047572851181
8300 5 0.0530869960785
8300 6 0.0574951171875
8300 7 0.0697660446167
8300 8 0.0761132240295
8300 9 0.0907649993896
8300 10 0.090206861496
8300 11 0.11522102356
8300 12 0.160938024521
8400 0 0.0153770446777
8400 1 0.0268931388855
8400 2 0.042888879776
8400 3 0.0543200969696
8400 4 0.0522599220276
8400 5 0.0741209983826
8400 6 0.0771660804749
8400 7 0.0863039493561
8400 8 0.0980951786041
8400 9 0.119920969009
8400 10 0.109624862671
8400 11 0.10901093483
8400 12 0.143716096878
8500 0 0.0152959823608
8500 1 0.0353298187256
8500 2 0.0414350032806
8500 3 0.032772064209
8500 4 0.0608861446381
8500 5 0.0845930576324
8500 6 0.104438066483
8500 7 0.101997852325
8500 8 0.115936040878
8500 9 0.189752101898
8500 10 0.163882017136
8500 11 0.145201921463
8500 12 0.170158863068
8600 0 0.0159919261932
8600 1 0.0311331748962
8600 2 0.0364758968353
8600 3 0.0607612133026
8600 4 0.0761590003967
8600 5 0.0847420692444
8600 6 0.0913782119751
8600 7 0.0959658622742
8600 8 0.0876920223236
8600 9 0.0803530216217
8600 10 0.105969905853
8600 11 0.148012161255
8600 12 0.0610220432281
8700 0 0.00437712669373
8700 1 0.012284040451
8700 2 0.0447309017181
8700 3 0.0576419830322
8700 4 0.0646438598633
8700 5 0.0989849567413
8700 6 0.0791380405426
8700 7 0.0927128791809
8700 8 0.0981140136719
8700 9 0.0832009315491
8700 10 0.106091976166
8700 11 0.191437005997
8700 12 0.194196939468
8800 0 0.015960931778
8800 1 0.0314691066742
8800 2 0.0404360294342
8800 3 0.0474989414215
8800 4 0.075217962265
8800 5 0.0760869979858
8800 6 0.0829610824585
8800 7 0.0946080684662
8800 8 0.107614040375
8800 9 0.0631561279297
8800 10 0.0928130149841
8800 11 0.128791809082
8800 12 0.0905339717865
8900 0 0.0108349323273
8900 1 0.0242481231689
8900 2 0.0298290252686
8900 3 0.0402998924255
8900 4 0.0456719398499
8900 5 0.0625059604645
8900 6 0.0643298625946
8900 7 0.0672318935394
8900 8 0.0830268859863
8900 9 0.0919868946075
8900 10 0.0963959693909
8900 11 0.0526580810547
8900 12 0.0585730075836
9000 0 0.0106358528137
9000 1 0.0282349586487
9000 2 0.0485870838165
9000 3 0.0640161037445
9000 4 0.0723330974579
9000 5 0.0855278968811
9000 6 0.11526799202
9000 7 0.0879011154175
9000 8 0.0781950950623
9000 9 0.0819931030273
9000 10 0.0830869674683
9000 11 0.102784872055
9000 12 0.0926830768585
9100 0 0.0102899074554
9100 1 0.0143020153046
9100 2 0.0231449604034
9100 3 0.0325751304626
9100 4 0.039137840271
9100 5 0.0447461605072
9100 6 0.0482280254364
9100 7 0.0535230636597
9100 8 0.0642509460449
9100 9 0.0687050819397
9100 10 0.075471162796
9100 11 0.0693368911743
9100 12 0.0749959945679
9200 0 0.0106859207153
9200 1 0.0158269405365
9200 2 0.0262110233307
9200 3 0.0249869823456
9200 4 0.0394830703735
9200 5 0.0413761138916
9200 6 0.0464730262756
9200 7 0.0550320148468
9200 8 0.0620629787445
9200 9 0.0626730918884
9200 10 0.0616939067841
9200 11 0.0686240196228
9200 12 0.0730950832367
9300 0 0.0114240646362
9300 1 0.0199229717255
9300 2 0.0283958911896
9300 3 0.0367369651794
9300 4 0.0477550029755
9300 5 0.0521450042725
9300 6 0.0592930316925
9300 7 0.0672760009766
9300 8 0.0748748779297
9300 9 0.0904450416565
9300 10 0.0898950099945
9300 11 0.0783529281616
9300 12 0.0787551403046
9400 0 0.00736808776855
9400 1 0.0199058055878
9400 2 0.023551940918
9400 3 0.0294580459595
9400 4 0.0354650020599
9400 5 0.0398190021515
9400 6 0.0481290817261
9400 7 0.0496060848236
9400 8 0.0616481304169
9400 9 0.0607960224152
9400 10 0.0707938671112
9400 11 0.0709049701691
9400 12 0.0760741233826
9500 0 0.01145195961
9500 1 0.021742105484
9500 2 0.0250060558319
9500 3 0.0353899002075
9500 4 0.0430059432983
9500 5 0.0435869693756
9500 6 0.0484781265259
9500 7 0.0574610233307
9500 8 0.061094045639
9500 9 0.0615231990814
9500 10 0.0721368789673
9500 11 0.0990769863129
9500 12 0.105146884918
9600 0 0.0123720169067
9600 1 0.0199301242828
9600 2 0.0277121067047
9600 3 0.0359089374542
9600 4 0.0473670959473
9600 5 0.0508799552917
9600 6 0.0713179111481
9600 7 0.0835049152374
9600 8 0.0959489345551
9600 9 0.100309848785
9600 10 0.109272956848
9600 11 0.0974118709564
9600 12 0.103457927704
9700 0 0.00915598869324
9700 1 0.0219008922577
9700 2 0.0297150611877
9700 3 0.0347170829773
9700 4 0.0468640327454
9700 5 0.0659439563751
9700 6 0.077996969223
9700 7 0.0890219211578
9700 8 0.0869400501251
9700 9 0.100013971329
9700 10 0.110543012619
9700 11 0.117048025131
9700 12 0.120065927505
9800 0 0.0120849609375
9800 1 0.0210330486298
9800 2 0.0295610427856
9800 3 0.0377330780029
9800 4 0.0476169586182
9800 5 0.0633759498596
9800 6 0.0634670257568
9800 7 0.0685498714447
9800 8 0.0761358737946
9800 9 0.0818858146667
9800 10 0.100482940674
9800 11 0.103046894073
9800 12 0.104825019836
9900 0 0.00882411003113
9900 1 0.0302159786224
9900 2 0.039449930191
9900 3 0.0461559295654
9900 4 0.0522348880768
9900 5 0.0539140701294
9900 6 0.0535399913788
9900 7 0.0524799823761
9900 8 0.0604531764984
9900 9 0.0717430114746
9900 10 0.0703251361847
9900 11 0.0938429832458
9900 12 0.110795974731
10000 0 0.0113229751587
10000 1 0.0192248821259
10000 2 0.0307569503784
10000 3 0.036041021347
10000 4 0.052031993866
10000 5 0.0606760978699
10000 6 0.0634171962738
10000 7 0.0610129833221
10000 8 0.0628139972687
10000 9 0.0867881774902
10000 10 0.0940339565277
10000 11 0.0897369384766
10000 12 0.0879440307617
10100 0 0.0076949596405
10100 1 0.0213639736176
10100 2 0.0326979160309
10100 3 0.0378580093384
10100 4 0.0459740161896
10100 5 0.0534389019012
10100 6 0.0541708469391
10100 7 0.0550410747528
10100 8 0.0604820251465
10100 9 0.0672488212585
10100 10 0.0703191757202
10100 11 0.0725800991058
10100 12 0.0813767910004
10200 0 0.00841903686523
10200 1 0.0190389156342
10200 2 0.0208699703217
10200 3 0.0324399471283
10200 4 0.0336580276489
10200 5 0.0447731018066
10200 6 0.0460269451141
10200 7 0.0557079315186
10200 8 0.0573658943176
10200 9 0.0695269107819
10200 10 0.070641040802
10200 11 0.0799210071564
10200 12 0.108092069626
10300 0 0.0145621299744
10300 1 0.0285141468048
10300 2 0.0354590415955
10300 3 0.0381119251251
10300 4 0.0485498905182
10300 5 0.0476720333099
10300 6 0.049901008606
10300 7 0.0558061599731
10300 8 0.0699400901794
10300 9 0.0691227912903
10300 10 0.0711069107056
10300 11 0.0764830112457
10300 12 0.0840117931366
10400 0 0.00875806808472
10400 1 0.0206069946289
10400 2 0.0223269462585
10400 3 0.0341370105743
10400 4 0.0464329719543
10400 5 0.0667750835419
10400 6 0.0648219585419
10400 7 0.0758290290833
10400 8 0.0738639831543
10400 9 0.0863869190216
10400 10 0.0877070426941
10400 11 0.0775151252747
10400 12 0.0866429805756
10500 0 0.0107820034027
10500 1 0.0203449726105
10500 2 0.0268459320068
10500 3 0.0427348613739
10500 4 0.0462849140167
10500 5 0.0572099685669
10500 6 0.0502278804779
10500 7 0.0551300048828
10500 8 0.0660359859467
10500 9 0.0711159706116
10500 10 0.0724968910217
10500 11 0.0808079242706
10500 12 0.0850329399109
10600 0 0.00952816009521
10600 1 0.019199848175
10600 2 0.0233459472656
10600 3 0.0327730178833
10600 4 0.0456080436707
10600 5 0.0542950630188
10600 6 0.0543630123138
10600 7 0.0545008182526
10600 8 0.0591309070587
10600 9 0.07000207901
10600 10 0.0746371746063
10600 11 0.0826909542084
10600 12 0.084282875061
10700 0 0.0126509666443
10700 1 0.0190269947052
10700 2 0.0300040245056
10700 3 0.0336961746216
10700 4 0.044784784317
10700 5 0.0490219593048
10700 6 0.0539588928223
10700 7 0.0738759040833
10700 8 0.105181932449
10700 9 0.108640909195
10700 10 0.13285112381
10700 11 0.108067035675
10700 12 0.119344949722
10800 0 0.0107309818268
10800 1 0.0263350009918
10800 2 0.0272889137268
10800 3 0.0351901054382
10800 4 0.041020154953
10800 5 0.0426828861237
10800 6 0.0525441169739
10800 7 0.0591149330139
10800 8 0.0656139850616
10800 9 0.0736029148102
10800 10 0.0834419727325
10800 11 0.0887670516968
10800 12 0.102780818939
10900 0 0.00803399085999
10900 1 0.0204818248749
10900 2 0.0263819694519
10900 3 0.0362870693207
10900 4 0.0431530475616
10900 5 0.053689956665
10900 6 0.0549900531769
10900 7 0.0543191432953
10900 8 0.0661759376526
10900 9 0.076073884964
10900 10 0.0791511535645
10900 11 0.0813059806824
10900 12 0.0877270698547
11000 0 0.00788903236389
11000 1 0.0212330818176
11000 2 0.0259680747986
11000 3 0.032289981842
11000 4 0.0417790412903
11000 5 0.0459289550781
11000 6 0.051815032959
11000 7 0.0587930679321
11000 8 0.0678141117096
11000 9 0.0705909729004
11000 10 0.075464963913
11000 11 0.0813150405884
11000 12 0.105041027069
11100 0 0.012787103653
11100 1 0.0218250751495
11100 2 0.0296778678894
11100 3 0.0381798744202
11100 4 0.0416829586029
11100 5 0.0469350814819
11100 6 0.0486869812012
11100 7 0.0537090301514
11100 8 0.0672578811646
11100 9 0.0724539756775
11100 10 0.077033996582
11100 11 0.0828819274902
11100 12 0.0894708633423
11200 0 0.0130460262299
11200 1 0.0197658538818
11200 2 0.0264060497284
11200 3 0.0353000164032
11200 4 0.0426979064941
11200 5 0.0430390834808
11200 6 0.0533390045166
11200 7 0.0567328929901
11200 8 0.0681149959564
11200 9 0.0755159854889
11200 10 0.0791668891907
11200 11 0.0910460948944
11200 12 0.0857558250427
11300 0 0.01282787323
11300 1 0.0158038139343
11300 2 0.0204808712006
11300 3 0.0360059738159
11300 4 0.0410089492798
11300 5 0.0547289848328
11300 6 0.065584897995
11300 7 0.0771870613098
11300 8 0.0887799263
11300 9 0.0961420536041
11300 10 0.101489067078
11300 11 0.103271007538
11300 12 0.122132778168
11400 0 0.0160911083221
11400 1 0.0219361782074
11400 2 0.0317490100861
11400 3 0.0433859825134
11400 4 0.0544991493225
11400 5 0.0620951652527
11400 6 0.0701451301575
11400 7 0.0807011127472
11400 8 0.0902378559113
11400 9 0.0992579460144
11400 10 0.111949920654
11400 11 0.115427017212
11400 12 0.116894960403
11500 0 0.0136868953705
11500 1 0.0236079692841
11500 2 0.0308840274811
11500 3 0.0403921604156
11500 4 0.0406980514526
11500 5 0.0540699958801
11500 6 0.0589270591736
11500 7 0.0647280216217
11500 8 0.0704629421234
11500 9 0.0782968997955
11500 10 0.0891349315643
11500 11 0.093691110611
11500 12 0.0941770076752
11600 0 0.0116968154907
11600 1 0.0208380222321
11600 2 0.026006937027
11600 3 0.0359208583832
11600 4 0.0442349910736
11600 5 0.0502991676331
11600 6 0.0610439777374
11600 7 0.0601289272308
11600 8 0.0711309909821
11600 9 0.0766189098358
11600 10 0.082592010498
11600 11 0.0854918956757
11600 12 0.121867895126
11700 0 0.0161719322205
11700 1 0.0232388973236
11700 2 0.0312798023224
11700 3 0.0494430065155
11700 4 0.0521008968353
11700 5 0.0507559776306
11700 6 0.0584981441498
11700 7 0.0581870079041
11700 8 0.0719680786133
11700 9 0.0753421783447
11700 10 0.0847089290619
11700 11 0.0899569988251
11700 12 0.0970468521118
11800 0 0.00851988792419
11800 1 0.0214200019836
11800 2 0.0302557945251
11800 3 0.0371251106262
11800 4 0.0411310195923
11800 5 0.0497720241547
11800 6 0.0636742115021
11800 7 0.0603699684143
11800 8 0.0795221328735
11800 9 0.078950881958
11800 10 0.0838570594788
11800 11 0.0902650356293
11800 12 0.0940248966217
11900 0 0.01411485672
11900 1 0.0233278274536
11900 2 0.0308399200439
11900 3 0.0375680923462
11900 4 0.0405421257019
11900 5 0.0525689125061
11900 6 0.0574860572815
11900 7 0.0593428611755
11900 8 0.0735318660736
11900 9 0.0756139755249
11900 10 0.0852649211884
11900 11 0.0890579223633
11900 12 0.0975959300995
12000 0 0.00916314125061
12000 1 0.0202159881592
12000 2 0.0244879722595
12000 3 0.037477016449
12000 4 0.0460081100464
12000 5 0.051215171814
12000 6 0.0591011047363
12000 7 0.0636460781097
12000 8 0.068932056427
12000 9 0.0785439014435
12000 10 0.0859310626984
12000 11 0.0878059864044
12000 12 0.10104393959
12100 0 0.012265920639
12100 1 0.0253050327301
12100 2 0.0307788848877
12100 3 0.0375227928162
12100 4 0.0528969764709
12100 5 0.0656199455261
12100 6 0.0717658996582
12100 7 0.0798499584198
12100 8 0.0875990390778
12100 9 0.0850050449371
12100 10 0.0894651412964
12100 11 0.0870130062103
12100 12 0.095794916153
12200 0 0.0129308700562
12200 1 0.0236010551453
12200 2 0.0305650234222
12200 3 0.0446820259094
12200 4 0.0560400485992
12200 5 0.0643100738525
12200 6 0.0741958618164
12200 7 0.0885310173035
12200 8 0.0976431369781
12200 9 0.106706857681
12200 10 0.115275144577
12200 11 0.124394893646
12200 12 0.137362003326
12300 0 0.0154600143433
12300 1 0.023332118988
12300 2 0.0320320129395
12300 3 0.0429179668427
12300 4 0.0555579662323
12300 5 0.057923078537
12300 6 0.061084985733
12300 7 0.0662608146667
12300 8 0.0750291347504
12300 9 0.0803561210632
12300 10 0.0860960483551
12300 11 0.0920660495758
12300 12 0.0986161231995
12400 0 0.0130310058594
12400 1 0.0214970111847
12400 2 0.0259120464325
12400 3 0.0374360084534
12400 4 0.0474691390991
12400 5 0.0561509132385
12400 6 0.0562129020691
12400 7 0.066978931427
12400 8 0.0778331756592
12400 9 0.0817561149597
12400 10 0.085658788681
12400 11 0.117520093918
12400 12 0.131023168564
12500 0 0.0156199932098
12500 1 0.0264620780945
12500 2 0.0393099784851
12500 3 0.048565864563
12500 4 0.0561149120331
12500 5 0.0651760101318
12500 6 0.0766232013702
12500 7 0.0860068798065
12500 8 0.090635061264
12500 9 0.1079890728
12500 10 0.114675998688
12500 11 0.120521068573
12500 12 0.135468959808
12600 0 0.0129420757294
12600 1 0.0265028476715
12600 2 0.0372498035431
12600 3 0.0480852127075
12600 4 0.0598981380463
12600 5 0.0743148326874
12600 6 0.0769979953766
12600 7 0.0905668735504
12600 8 0.106378078461
12600 9 0.111701965332
12600 10 0.123694896698
12600 11 0.127179145813
12600 12 0.136852025986
12700 0 0.018208026886
12700 1 0.0273079872131
12700 2 0.0389549732208
12700 3 0.0502750873566
12700 4 0.0558300018311
12700 5 0.0668070316315
12700 6 0.0773038864136
12700 7 0.0855190753937
12700 8 0.0990998744965
12700 9 0.110357999802
12700 10 0.119849920273
12700 11 0.115333080292
12700 12 0.131561040878
12800 0 0.0169219970703
12800 1 0.0252771377563
12800 2 0.0356650352478
12800 3 0.0435810089111
12800 4 0.0586581230164
12800 5 0.0676720142365
12800 6 0.0765190124512
12800 7 0.088958978653
12800 8 0.104600191116
12800 9 0.113873004913
12800 10 0.119439840317
12800 11 0.12752699852
12800 12 0.13386797905
12900 0 0.0133078098297
12900 1 0.0283401012421
12900 2 0.0407090187073
12900 3 0.0505590438843
12900 4 0.0538020133972
12900 5 0.0576059818268
12900 6 0.0668370723724
12900 7 0.0809810161591
12900 8 0.0862419605255
12900 9 0.0923781394958
12900 10 0.103761911392
12900 11 0.1061398983
12900 12 0.107738018036
13000 0 0.0112719535828
13000 1 0.0239028930664
13000 2 0.0270309448242
13000 3 0.0397799015045
13000 4 0.0496640205383
13000 5 0.052686214447
13000 6 0.0632019042969
13000 7 0.07102394104
13000 8 0.0803139209747
13000 9 0.0818400382996
13000 10 0.0890917778015
13000 11 0.0993189811707
13000 12 0.105731010437
13100 0 0.0146770477295
13100 1 0.0232121944427
13100 2 0.0330879688263
13100 3 0.0424249172211
13100 4 0.0639669895172
13100 5 0.0724020004272
13100 6 0.0820338726044
13100 7 0.0911030769348
13100 8 0.106346130371
13100 9 0.113494873047
13100 10 0.123268127441
13100 11 0.130952835083
13100 12 0.13135099411
13200 0 0.0142829418182
13200 1 0.0237829685211
13200 2 0.032543182373
13200 3 0.0418939590454
13200 4 0.0554540157318
13200 5 0.0593650341034
13200 6 0.0656950473785
13200 7 0.0705530643463
13200 8 0.0782880783081
13200 9 0.0871689319611
13200 10 0.0914509296417
13200 11 0.103080034256
13200 12 0.106663227081
13300 0 0.0145092010498
13300 1 0.0289368629456
13300 2 0.0378439426422
13300 3 0.0503561496735
13300 4 0.0549190044403
13300 5 0.0723850727081
13300 6 0.0814712047577
13300 7 0.0928151607513
13300 8 0.110753059387
13300 9 0.11870098114
13300 10 0.126915931702
13300 11 0.136243104935
13300 12 0.132375001907
13400 0 0.0143330097198
13400 1 0.0268859863281
13400 2 0.0439310073853
13400 3 0.0443341732025
13400 4 0.0550851821899
13400 5 0.063814163208
13400 6 0.066025018692
13400 7 0.0700719356537
13400 8 0.0826871395111
13400 9 0.0870010852814
13400 10 0.10344004631
13400 11 0.101574897766
13400 12 0.146290063858
13500 0 0.0182600021362
13500 1 0.0281889438629
13500 2 0.0527679920197
13500 3 0.0703039169312
13500 4 0.067538022995
13500 5 0.0618369579315
13500 6 0.0650260448456
13500 7 0.0688290596008
13500 8 0.0684340000153
13500 9 0.0670821666718
13500 10 0.0662999153137
13500 11 0.0712649822235
13500 12 0.0764439105988
13600 0 0.00825595855713
13600 1 0.0212590694427
13600 2 0.0364029407501
13600 3 0.0308310985565
13600 4 0.0439360141754
13600 5 0.0560500621796
13600 6 0.0499022006989
13600 7 0.0500290393829
13600 8 0.0568208694458
13600 9 0.0616090297699
13600 10 0.0672409534454
13600 11 0.0784840583801
13600 12 0.0780367851257
13700 0 0.0136959552765
13700 1 0.021733045578
13700 2 0.0327889919281
13700 3 0.0407049655914
13700 4 0.0432198047638
13700 5 0.0665190219879
13700 6 0.0495080947876
13700 7 0.0535080432892
13700 8 0.0582571029663
13700 9 0.0625748634338
13700 10 0.0706360340118
13700 11 0.0713589191437
13700 12 0.0771310329437
13800 0 0.00839591026306
13800 1 0.0266151428223
13800 2 0.0260119438171
13800 3 0.029639005661
13800 4 0.0321958065033
13800 5 0.0408408641815
13800 6 0.0537669658661
13800 7 0.0518751144409
13800 8 0.0574378967285
13800 9 0.0620801448822
13800 10 0.0679471492767
13800 11 0.071622133255
13800 12 0.0954539775848
13900 0 0.00941705703735
13900 1 0.0251560211182
13900 2 0.0297510623932
13900 3 0.0298330783844
13900 4 0.0326611995697
13900 5 0.0451021194458
13900 6 0.0520241260529
13900 7 0.0509419441223
13900 8 0.0579462051392
13900 9 0.0635249614716
13900 10 0.0698208808899
13900 11 0.0731890201569
13900 12 0.080826997757
14000 0 0.0126509666443
14000 1 0.0188140869141
14000 2 0.0280141830444
14000 3 0.029748916626
14000 4 0.0354640483856
14000 5 0.044792175293
14000 6 0.059602022171
14000 7 0.051913022995
14000 8 0.0582480430603
14000 9 0.0700900554657
14000 10 0.0685620307922
14000 11 0.0728678703308
14000 12 0.0771391391754
14100 0 0.00797486305237
14100 1 0.0209589004517
14100 2 0.040755033493
14100 3 0.0368430614471
14100 4 0.0434768199921
14100 5 0.0566279888153
14100 6 0.0492470264435
14100 7 0.0523331165314
14100 8 0.0626502037048
14100 9 0.0755989551544
14100 10 0.0700888633728
14100 11 0.0740082263947
14100 12 0.0821249485016
14200 0 0.013680934906
14200 1 0.0241889953613
14200 2 0.0294120311737
14200 3 0.0358679294586
14200 4 0.0389220714569
14200 5 0.0549869537354
14200 6 0.0537600517273
14200 7 0.0594670772552
14200 8 0.059103012085
14200 9 0.0662808418274
14200 10 0.0746941566467
14200 11 0.0755178928375
14200 12 0.0782091617584
14300 0 0.00777292251587
14300 1 0.0277049541473
14300 2 0.0258631706238
14300 3 0.0302169322968
14300 4 0.0332779884338
14300 5 0.0430951118469
14300 6 0.0543110370636
14300 7 0.0589509010315
14300 8 0.0651421546936
14300 9 0.0648829936981
14300 10 0.0700399875641
14300 11 0.0744199752808
14300 12 0.0834228992462
14400 0 0.00977396965027
14400 1 0.0244879722595
14400 2 0.0254309177399
14400 3 0.0397591590881
14400 4 0.0382499694824
14400 5 0.0526468753815
14400 6 0.0543169975281
14400 7 0.0528118610382
14400 8 0.0596630573273
14400 9 0.065826177597
14400 10 0.0745949745178
14400 11 0.0825700759888
14400 12 0.0843598842621
14500 0 0.0135419368744
14500 1 0.0225489139557
14500 2 0.0288090705872
14500 3 0.0299689769745
14500 4 0.0385801792145
14500 5 0.0528590679169
14500 6 0.048819065094
14500 7 0.0527141094208
14500 8 0.0597500801086
14500 9 0.0654399394989
14500 10 0.0711159706116
14500 11 0.075266122818
14500 12 0.0832469463348
14600 0 0.00958299636841
14600 1 0.0168080329895
14600 2 0.0280451774597
14600 3 0.0327370166779
14600 4 0.0458261966705
14600 5 0.0567719936371
14600 6 0.0641260147095
14600 7 0.05552983284
14600 8 0.0606048107147
14600 9 0.0661649703979
14600 10 0.071457862854
14600 11 0.0770831108093
14600 12 0.0866649150848
14700 0 0.0136840343475
14700 1 0.0223610401154
14700 2 0.029237985611
14700 3 0.0305788516998
14700 4 0.0557940006256
14700 5 0.0476849079132
14700 6 0.0507290363312
14700 7 0.0534379482269
14700 8 0.0610818862915
14700 9 0.0663850307465
14700 10 0.0718278884888
14700 11 0.0766830444336
14700 12 0.0834410190582
14800 0 0.0103740692139
14800 1 0.0280709266663
14800 2 0.026309967041
14800 3 0.0307590961456
14800 4 0.0428521633148
14800 5 0.0569310188293
14800 6 0.0667519569397
14800 7 0.0562660694122
14800 8 0.0619368553162
14800 9 0.0671188831329
14800 10 0.07546210289
14800 11 0.076357126236
14800 12 0.0805230140686
14900 0 0.00971412658691
14900 1 0.0196061134338
14900 2 0.0326340198517
14900 3 0.035875082016
14900 4 0.0544440746307
14900 5 0.0587701797485
14900 6 0.0519509315491
14900 7 0.0550389289856
14900 8 0.0727760791779
14900 9 0.067911863327
14900 10 0.0738050937653
14900 11 0.0789198875427
14900 12 0.0868701934814
15000 0 0.00965094566345
15000 1 0.0208249092102
15000 2 0.0339300632477
15000 3 0.0362651348114
15000 4 0.0431270599365
15000 5 0.052356004715
15000 6 0.0492310523987
15000 7 0.0553140640259
15000 8 0.0623788833618
15000 9 0.0677909851074
15000 10 0.073343038559
15000 11 0.0816111564636
15000 12 0.0836629867554
15100 0 0.0132009983063
15100 1 0.021103143692
15100 2 0.0263609886169
15100 3 0.0309607982635
15100 4 0.0401830673218
15100 5 0.0474450588226
15100 6 0.0640408992767
15100 7 0.0558190345764
15100 8 0.0694320201874
15100 9 0.0689208507538
15100 10 0.0773570537567
15100 11 0.0780830383301
15100 12 0.0824480056763
15200 0 0.0085129737854
15200 1 0.0258378982544
15200 2 0.0272560119629
15200 3 0.0360748767853
15200 4 0.0512869358063
15200 5 0.0478601455688
15200 6 0.0500020980835
15200 7 0.05535197258
15200 8 0.0639388561249
15200 9 0.0721280574799
15200 10 0.082631111145
15200 11 0.0826051235199
15200 12 0.0836579799652
15300 0 0.00846219062805
15300 1 0.0291531085968
15300 2 0.0295920372009
15300 3 0.0473248958588
15300 4 0.0422520637512
15300 5 0.0466849803925
15300 6 0.0510618686676
15300 7 0.0562129020691
15300 8 0.0638251304626
15300 9 0.0707609653473
15300 10 0.088268995285
15300 11 0.0798768997192
15300 12 0.0842590332031
15400 0 0.00856280326843
15400 1 0.0208961963654
15400 2 0.0320789813995
15400 3 0.03280210495
15400 4 0.0435571670532
15400 5 0.0592560768127
15400 6 0.0576999187469
15400 7 0.0554111003876
15400 8 0.0636279582977
15400 9 0.0716269016266
15400 10 0.0746278762817
15400 11 0.080864906311
15400 12 0.0842499732971
15500 0 0.00892090797424
15500 1 0.0252878665924
15500 2 0.0296709537506
15500 3 0.0469779968262
15500 4 0.0517098903656
15500 5 0.0545570850372
15500 6 0.0590469837189
15500 7 0.0645091533661
15500 8 0.0646557807922
15500 9 0.0754041671753
15500 10 0.0753290653229
15500 11 0.0806231498718
15500 12 0.0846171379089
15600 0 0.00876784324646
15600 1 0.0285758972168
15600 2 0.0272171497345
15600 3 0.0316529273987
15600 4 0.0408780574799
15600 5 0.061861038208
15600 6 0.0530381202698
15600 7 0.0581059455872
15600 8 0.0652701854706
15600 9 0.0730531215668
15600 10 0.0936260223389
15600 11 0.0806670188904
15600 12 0.0833511352539
15700 0 0.009516954422
15700 1 0.0256109237671
15700 2 0.0274438858032
15700 3 0.0309541225433
15700 4 0.0456178188324
15700 5 0.0525538921356
15700 6 0.0586469173431
15700 7 0.0563640594482
15700 8 0.0647840499878
15700 9 0.0704030990601
15700 10 0.0934660434723
15700 11 0.0804901123047
15700 12 0.0842769145966
15800 0 0.0123867988586
15800 1 0.0365340709686
15800 2 0.0308170318604
15800 3 0.0333847999573
15800 4 0.0483541488647
15800 5 0.0488340854645
15800 6 0.0522229671478
15800 7 0.057501077652
15800 8 0.0664701461792
15800 9 0.0754508972168
15800 10 0.0768201351166
15800 11 0.0818779468536
15800 12 0.0851411819458
15900 0 0.00965118408203
15900 1 0.0271530151367
15900 2 0.0301668643951
15900 3 0.0441858768463
15900 4 0.0469961166382
15900 5 0.0475461483002
15900 6 0.0531120300293
15900 7 0.0581169128418
15900 8 0.0696377754211
15900 9 0.0771050453186
15900 10 0.0793941020966
15900 11 0.103147029877
15900 12 0.104104042053
16000 0 0.0160508155823
16000 1 0.023866891861
16000 2 0.0323700904846
16000 3 0.0336530208588
16000 4 0.0466349124908
16000 5 0.066586971283
16000 6 0.0542109012604
16000 7 0.0583019256592
16000 8 0.0710949897766
16000 9 0.0723099708557
16000 10 0.0794899463654
16000 11 0.083428144455
16000 12 0.0916948318481
16100 0 0.0099048614502
16100 1 0.0266780853271
16100 2 0.03630900383
16100 3 0.0348880290985
16100 4 0.0465061664581
16100 5 0.0614759922028
16100 6 0.0552659034729
16100 7 0.0588071346283
16100 8 0.0672240257263
16100 9 0.0761499404907
16100 10 0.0791940689087
16100 11 0.0826580524445
16100 12 0.0864698886871
16200 0 0.00944089889526
16200 1 0.0215570926666
16200 2 0.0401420593262
16200 3 0.0473620891571
16200 4 0.0587599277496
16200 5 0.0479228496552
16200 6 0.0532369613647
16200 7 0.0585458278656
16200 8 0.0740950107574
16200 9 0.0734260082245
16200 10 0.0830030441284
16200 11 0.0921230316162
16200 12 0.0927040576935
16300 0 0.017245054245
16300 1 0.0243091583252
16300 2 0.0324289798737
16300 3 0.0363879203796
16300 4 0.0485241413116
16300 5 0.0484430789948
16300 6 0.0530488491058
16300 7 0.0579798221588
16300 8 0.0672678947449
16300 9 0.0732181072235
16300 10 0.0791540145874
16300 11 0.0885000228882
16300 12 0.0938949584961
16400 0 0.0100829601288
16400 1 0.0204148292542
16400 2 0.0357658863068
16400 3 0.0387480258942
16400 4 0.0494568347931
16400 5 0.0584349632263
16400 6 0.0648119449615
16400 7 0.067939043045
16400 8 0.0740849971771
16400 9 0.0807201862335
16400 10 0.0846879482269
16400 11 0.088593006134
16400 12 0.109100103378
16500 0 0.0113549232483
16500 1 0.0249209403992
16500 2 0.028666973114
16500 3 0.0401501655579
16500 4 0.0473442077637
16500 5 0.0585181713104
16500 6 0.0602750778198
16500 7 0.0589668750763
16500 8 0.0730721950531
16500 9 0.0740220546722
16500 10 0.0799579620361
16500 11 0.0864021778107
16500 12 0.0899012088776
16600 0 0.0113959312439
16600 1 0.0261750221252
16600 2 0.0320539474487
16600 3 0.0354089736938
16600 4 0.048926115036
16600 5 0.0500509738922
16600 6 0.0687561035156
16600 7 0.0612189769745
16600 8 0.0683951377869
16600 9 0.079822063446
16600 10 0.0845038890839
16600 11 0.0865800380707
16600 12 0.0959248542786
16700 0 0.0111720561981
16700 1 0.0256130695343
16700 2 0.0327210426331
16700 3 0.0374040603638
16700 4 0.0592470169067
16700 5 0.0518579483032
16700 6 0.0557470321655
16700 7 0.0613820552826
16700 8 0.0720868110657
16700 9 0.0812649726868
16700 10 0.0861220359802
16700 11 0.0969531536102
16700 12 0.0916290283203
16800 0 0.0101652145386
16800 1 0.0297620296478
16800 2 0.028792142868
16800 3 0.033059835434
16800 4 0.0543401241302
16800 5 0.0613088607788
16800 6 0.0637538433075
16800 7 0.0611500740051
16800 8 0.0745189189911
16800 9 0.0799820423126
16800 10 0.0882949829102
16800 11 0.102208137512
16800 12 0.0992231369019
16900 0 0.0114190578461
16900 1 0.0262920856476
16900 2 0.0362529754639
16900 3 0.0432150363922
16900 4 0.0553781986237
16900 5 0.0592060089111
16900 6 0.0664677619934
16900 7 0.0631320476532
16900 8 0.0836730003357
16900 9 0.0784311294556
16900 10 0.0827548503876
16900 11 0.0950911045074
16900 12 0.0975680351257
17000 0 0.0114729404449
17000 1 0.0262110233307
17000 2 0.0348839759827
17000 3 0.0446889400482
17000 4 0.0626471042633
17000 5 0.0527729988098
17000 6 0.0565578937531
17000 7 0.062196969986
17000 8 0.0704090595245
17000 9 0.0762751102448
17000 10 0.0860991477966
17000 11 0.0942680835724
17000 12 0.0981199741364
17100 0 0.0158529281616
17100 1 0.0259099006653
17100 2 0.0339930057526
17100 3 0.0496740341187
17100 4 0.0620238780975
17100 5 0.0631501674652
17100 6 0.0625329017639
17100 7 0.0712208747864
17100 8 0.0712049007416
17100 9 0.0772531032562
17100 10 0.0877759456635
17100 11 0.0956470966339
17100 12 0.099632024765
17200 0 0.0121030807495
17200 1 0.0263571739197
17200 2 0.0335881710052
17200 3 0.0371458530426
17200 4 0.0518529415131
17200 5 0.0511140823364
17200 6 0.0557508468628
17200 7 0.062066078186
17200 8 0.0710611343384
17200 9 0.0807030200958
17200 10 0.0934159755707
17200 11 0.116837978363
17200 12 0.102848052979
17300 0 0.011971950531
17300 1 0.0250279903412
17300 2 0.0338859558105
17300 3 0.0521259307861
17300 4 0.0612180233002
17300 5 0.0592758655548
17300 6 0.0615019798279
17300 7 0.0679278373718
17300 8 0.0713670253754
17300 9 0.0783290863037
17300 10 0.087947845459
17300 11 0.0934989452362
17300 12 0.100031852722
17400 0 0.0122969150543
17400 1 0.0212819576263
17400 2 0.0349459648132
17400 3 0.0488588809967
17400 4 0.0647509098053
17400 5 0.0714118480682
17400 6 0.0611560344696
17400 7 0.0626819133759
17400 8 0.0764708518982
17400 9 0.0784590244293
17400 10 0.0916969776154
17400 11 0.0971360206604
17400 12 0.101091861725
17500 0 0.011862039566
17500 1 0.0261859893799
17500 2 0.0337431430817
17500 3 0.0363481044769
17500 4 0.050637960434
17500 5 0.0510220527649
17500 6 0.0565450191498
17500 7 0.0625548362732
17500 8 0.0725059509277
17500 9 0.084312915802
17500 10 0.0884230136871
17500 11 0.0956299304962
17500 12 0.113665103912
17600 0 0.0125679969788
17600 1 0.0284221172333
17600 2 0.0456800460815
17600 3 0.050892829895
17600 4 0.0549581050873
17600 5 0.0510749816895
17600 6 0.0569770336151
17600 7 0.0635259151459
17600 8 0.0734288692474
17600 9 0.10536813736
17600 10 0.110639095306
17600 11 0.0926539897919
17600 12 0.0979449748993
17700 0 0.0127449035645
17700 1 0.0325450897217
17700 2 0.035747051239
17700 3 0.0543389320374
17700 4 0.0602428913116
17700 5 0.0548310279846
17700 6 0.057657957077
17700 7 0.0677750110626
17700 8 0.0784499645233
17700 9 0.0800049304962
17700 10 0.0967180728912
17700 11 0.103811979294
17700 12 0.112488985062
17800 0 0.0102541446686
17800 1 0.0256731510162
17800 2 0.0356068611145
17800 3 0.0486869812012
17800 4 0.063873052597
17800 5 0.0652339458466
17800 6 0.0601849555969
17800 7 0.0653309822083
17800 8 0.0844697952271
17800 9 0.0801930427551
17800 10 0.0853321552277
17800 11 0.096626996994
17800 12 0.10644698143
17900 0 0.0121569633484
17900 1 0.0301299095154
17900 2 0.0414628982544
17900 3 0.0469751358032
17900 4 0.0534198284149
17900 5 0.0584559440613
17900 6 0.0587079524994
17900 7 0.0719640254974
17900 8 0.0769848823547
17900 9 0.0808870792389
17900 10 0.0852160453796
17900 11 0.0915641784668
17900 12 0.105417966843
18000 0 0.0122349262238
18000 1 0.0211009979248
18000 2 0.0332870483398
18000 3 0.0352711677551
18000 4 0.0626630783081
18000 5 0.0539410114288
18000 6 0.0586969852448
18000 7 0.0680649280548
18000 8 0.0789210796356
18000 9 0.0806498527527
18000 10 0.0858669281006
18000 11 0.0979809761047
18000 12 0.105826854706
18100 0 0.012787103653
18100 1 0.0310211181641
18100 2 0.0412781238556
18100 3 0.0495119094849
18100 4 0.062178850174
18100 5 0.0547840595245
18100 6 0.0708088874817
18100 7 0.0651421546936
18100 8 0.0784311294556
18100 9 0.0817608833313
18100 10 0.091833114624
18100 11 0.0914301872253
18100 12 0.0955300331116
18200 0 0.0122468471527
18200 1 0.0315539836884
18200 2 0.0323760509491
18200 3 0.036337852478
18200 4 0.0533978939056
18200 5 0.0543670654297
18200 6 0.0588989257812
18200 7 0.0719950199127
18200 8 0.0749809741974
18200 9 0.0934000015259
18200 10 0.0885200500488
18200 11 0.0889120101929
18200 12 0.100447893143
18300 0 0.0126519203186
18300 1 0.021938085556
18300 2 0.0276708602905
18300 3 0.0333919525146
18300 4 0.0562980175018
18300 5 0.0533609390259
18300 6 0.058981180191
18300 7 0.0694849491119
18300 8 0.0755140781403
18300 9 0.0817239284515
18300 10 0.0868690013885
18300 11 0.0915229320526
18300 12 0.110306978226
18400 0 0.0129840373993
18400 1 0.0264480113983
18400 2 0.0353260040283
18400 3 0.0399010181427
18400 4 0.0619411468506
18400 5 0.0532162189484
18400 6 0.0591750144958
18400 7 0.0702881813049
18400 8 0.076642036438
18400 9 0.0822951793671
18400 10 0.0908150672913
18400 11 0.0944831371307
18400 12 0.0970089435577
18500 0 0.0116701126099
18500 1 0.0313889980316
18500 2 0.0436718463898
18500 3 0.0473871231079
18500 4 0.0647571086884
18500 5 0.0569920539856
18500 6 0.0601391792297
18500 7 0.0684850215912
18500 8 0.0826680660248
18500 9 0.0869901180267
18500 10 0.110953092575
18500 11 0.101011037827
18500 12 0.108680963516
18600 0 0.0131931304932
18600 1 0.0274620056152
18600 2 0.038519859314
18600 3 0.0524609088898
18600 4 0.0568571090698
18600 5 0.0600171089172
18600 6 0.0608239173889
18600 7 0.0690879821777
18600 8 0.0907618999481
18600 9 0.082526922226
18600 10 0.087867975235
18600 11 0.0935661792755
18600 12 0.097795009613
18700 0 0.0116670131683
18700 1 0.027843952179
18700 2 0.0363099575043
18700 3 0.042594909668
18700 4 0.0554671287537
18700 5 0.0592038631439
18700 6 0.0658550262451
18700 7 0.075208902359
18700 8 0.0806741714478
18700 9 0.104271888733
18700 10 0.106557130814
18700 11 0.101254940033
18700 12 0.107831001282
18800 0 0.0139050483704
18800 1 0.0264971256256
18800 2 0.0363531112671
18800 3 0.0522401332855
18800 4 0.0607168674469
18800 5 0.05726313591
18800 6 0.06059217453
18800 7 0.0678000450134
18800 8 0.0806391239166
18800 9 0.0836009979248
18800 10 0.0879049301147
18800 11 0.107825040817
18800 12 0.101641178131
18900 0 0.0127670764923
18900 1 0.0231890678406
18900 2 0.0399270057678
18900 3 0.0549230575562
18900 4 0.0511589050293
18900 5 0.0540628433228
18900 6 0.061949968338
18900 7 0.0681929588318
18900 8 0.0824530124664
18900 9 0.106549024582
18900 10 0.096116065979
18900 11 0.116738080978
18900 12 0.108416080475
19000 0 0.0131468772888
19000 1 0.0324640274048
19000 2 0.0420739650726
19000 3 0.051558971405
19000 4 0.0539929866791
19000 5 0.0553300380707
19000 6 0.0622420310974
19000 7 0.0737500190735
19000 8 0.0783569812775
19000 9 0.0844948291779
19000 10 0.0870480537415
19000 11 0.0950860977173
19000 12 0.0999000072479
19100 0 0.0121350288391
19100 1 0.033194065094
19100 2 0.0439560413361
19100 3 0.0484240055084
19100 4 0.0502049922943
19100 5 0.0599040985107
19100 6 0.0748820304871
19100 7 0.0683789253235
19100 8 0.0880289077759
19100 9 0.0919029712677
19100 10 0.096969127655
19100 11 0.10330915451
19100 12 0.110380887985
19200 0 0.0133249759674
19200 1 0.0303890705109
19200 2 0.0499610900879
19200 3 0.0495758056641
19200 4 0.057443857193
19200 5 0.0712368488312
19200 6 0.0642168521881
19200 7 0.0686450004578
19200 8 0.0863571166992
19200 9 0.0926961898804
19200 10 0.0973989963531
19200 11 0.106791973114
19200 12 0.112709999084
19300 0 0.014258146286
19300 1 0.0264129638672
19300 2 0.0358049869537
19300 3 0.0495090484619
19300 4 0.0589690208435
19300 5 0.0549600124359
19300 6 0.0620379447937
19300 7 0.0744271278381
19300 8 0.0836131572723
19300 9 0.108595132828
19300 10 0.0966169834137
19300 11 0.120568990707
19300 12 0.110939025879
19400 0 0.0139720439911
19400 1 0.0357410907745
19400 2 0.0507860183716
19400 3 0.0454111099243
19400 4 0.0519578456879
19400 5 0.0566589832306
19400 6 0.0627510547638
19400 7 0.0795791149139
19400 8 0.0858459472656
19400 9 0.0931239128113
19400 10 0.106866836548
19400 11 0.11022901535
19400 12 0.113617181778
19500 0 0.0140588283539
19500 1 0.0214200019836
19500 2 0.0415549278259
19500 3 0.0436420440674
19500 4 0.065083026886
19500 5 0.0587661266327
19500 6 0.0626220703125
19500 7 0.076269865036
19500 8 0.0841419696808
19500 9 0.107571840286
19500 10 0.0983171463013
19500 11 0.104643106461
19500 12 0.111987829208
19600 0 0.0141310691833
19600 1 0.026780128479
19600 2 0.0412809848785
19600 3 0.053966999054
19600 4 0.0542449951172
19600 5 0.0567572116852
19600 6 0.0636460781097
19600 7 0.0756230354309
19600 8 0.0814621448517
19600 9 0.0864160060883
19600 10 0.10493016243
19600 11 0.100558042526
19600 12 0.103301048279
19700 0 0.0131959915161
19700 1 0.0282969474792
19700 2 0.0369100570679
19700 3 0.0382120609283
19700 4 0.0623109340668
19700 5 0.0570130348206
19700 6 0.063835144043
19700 7 0.072475194931
19700 8 0.0820190906525
19700 9 0.0940470695496
19700 10 0.0998589992523
19700 11 0.106709003448
19700 12 0.116894006729
19800 0 0.0137159824371
19800 1 0.021311044693
19800 2 0.0302169322968
19800 3 0.0466160774231
19800 4 0.066691160202
19800 5 0.0577909946442
19800 6 0.0644819736481
19800 7 0.0713291168213
19800 8 0.0862739086151
19800 9 0.0909271240234
19800 10 0.118598937988
19800 11 0.108167886734
19800 12 0.115622997284
19900 0 0.0140461921692
19900 1 0.0238189697266
19900 2 0.0374419689178
19900 3 0.0467219352722
19900 4 0.0520150661469
19900 5 0.0566310882568
19900 6 0.0637698173523
19900 7 0.0781650543213
19900 8 0.085508108139
19900 9 0.0949039459229
19900 10 0.104473829269
19900 11 0.112831830978
19900 12 0.125736951828
20000 0 0.0163989067078
20000 1 0.0266427993774
20000 2 0.0445730686188
20000 3 0.0494918823242
20000 4 0.0536940097809
20000 5 0.0573770999908
20000 6 0.0649600028992
20000 7 0.0780849456787
20000 8 0.0878269672394
20000 9 0.0938770771027
20000 10 0.122342824936
20000 11 0.109574794769
20000 12 0.115385055542
20100 0 0.0138759613037
20100 1 0.0272760391235
20100 2 0.0402519702911
20100 3 0.0556888580322
20100 4 0.0571799278259
20100 5 0.0638320446014
20100 6 0.0693039894104
20100 7 0.0796339511871
20100 8 0.0841150283813
20100 9 0.097971200943
20100 10 0.104621171951
20100 11 0.117659091949
20100 12 0.107045173645
20200 0 0.0132191181183
20200 1 0.0337989330292
20200 2 0.0373539924622
20200 3 0.0519099235535
20200 4 0.0549521446228
20200 5 0.0594418048859
20200 6 0.0654389858246
20200 7 0.0720701217651
20200 8 0.0821578502655
20200 9 0.0970180034637
20200 10 0.105516195297
20200 11 0.111419916153
20200 12 0.121114015579
20300 0 0.0135569572449
20300 1 0.0282921791077
20300 2 0.0383591651917
20300 3 0.0487840175629
20300 4 0.0708289146423
20300 5 0.0592720508575
20300 6 0.0656840801239
20300 7 0.100443840027
20300 8 0.0892441272736
20300 9 0.0902841091156
20300 10 0.0937781333923
20300 11 0.100474834442
20300 12 0.107798814774
20400 0 0.0136070251465
20400 1 0.027899980545
20400 2 0.0439100265503
20400 3 0.0521900653839
20400 4 0.0548009872437
20400 5 0.058876991272
20400 6 0.0668699741364
20400 7 0.0726079940796
20400 8 0.0949800014496
20400 9 0.0941169261932
20400 10 0.0963280200958
20400 11 0.114046812057
20400 12 0.107559204102
20500 0 0.0131878852844
20500 1 0.0292811393738
20500 2 0.0440130233765
20500 3 0.0469110012054
20500 4 0.0695321559906
20500 5 0.0626411437988
20500 6 0.0692028999329
20500 7 0.0876560211182
20500 8 0.0910048484802
20500 9 0.094701051712
20500 10 0.0987780094147
20500 11 0.0993230342865
20500 12 0.102553844452
20600 0 0.0139830112457
20600 1 0.0295219421387
20600 2 0.0337560176849
20600 3 0.0394821166992
20600 4 0.0617558956146
20600 5 0.0604798793793
20600 6 0.0671231746674
20600 7 0.0739710330963
20600 8 0.0858118534088
20600 9 0.100942134857
20600 10 0.10865187645
20600 11 0.10342001915
20600 12 0.109103918076
20700 0 0.0135400295258
20700 1 0.0287609100342
20700 2 0.0378389358521
20700 3 0.0561709403992
20700 4 0.0653991699219
20700 5 0.0665619373322
20700 6 0.0831429958344
20700 7 0.094614982605
20700 8 0.0899441242218
20700 9 0.103481054306
20700 10 0.109649896622
20700 11 0.113229990005
20700 12 0.120571136475
20800 0 0.0152170658112
20800 1 0.0243771076202
20800 2 0.0314540863037
20800 3 0.0517129898071
20800 4 0.0580630302429
20800 5 0.0591690540314
20800 6 0.0702219009399
20800 7 0.0837259292603
20800 8 0.0923180580139
20800 9 0.0988788604736
20800 10 0.105735063553
20800 11 0.11466884613
20800 12 0.123236179352
20900 0 0.0141110420227
20900 1 0.0372040271759
20900 2 0.0445079803467
20900 3 0.0583641529083
20900 4 0.0613751411438
20900 5 0.0801770687103
20900 6 0.0748369693756
20900 7 0.0913980007172
20900 8 0.0917189121246
20900 9 0.0988790988922
20900 10 0.106291055679
20900 11 0.116093873978
20900 12 0.125191926956
21000 0 0.0152759552002
21000 1 0.0245459079742
21000 2 0.0318138599396
21000 3 0.0472159385681
21000 4 0.0692670345306
21000 5 0.0652658939362
21000 6 0.0682570934296
21000 7 0.0756270885468
21000 8 0.0871031284332
21000 9 0.0971939563751
21000 10 0.113154888153
21000 11 0.104065895081
21000 12 0.110929012299
21100 0 0.0148870944977
21100 1 0.0233099460602
21100 2 0.0309920310974
21100 3 0.0441248416901
21100 4 0.0672070980072
21100 5 0.0609300136566
21100 6 0.0681750774384
21100 7 0.0742719173431
21100 8 0.0865049362183
21100 9 0.101849079132
21100 10 0.110285997391
21100 11 0.104788780212
21100 12 0.116310119629
21200 0 0.0213768482208
21200 1 0.0323059558868
21200 2 0.0830309391022
21200 3 0.0773630142212
21200 4 0.0842871665955
21200 5 0.0800800323486
21200 6 0.144330024719
21200 7 0.276740074158
21200 8 0.327198982239
21200 9 0.270177841187
21200 10 0.399488925934
21200 11 0.395280122757
21200 12 0.159643888474
21300 0 0.0157051086426
21300 1 0.051393032074
21300 2 0.0684151649475
21300 3 0.0947260856628
21300 4 0.136465072632
21300 5 0.142776012421
21300 6 0.175194978714
21300 7 0.199243068695
21300 8 0.234188079834
21300 9 0.264577150345
21300 10 0.262959003448
21300 11 0.281806945801
21300 12 0.320605039597
21400 0 0.0285902023315
21400 1 0.0557408332825
21400 2 0.0800828933716
21400 3 0.103900194168
21400 4 0.132105827332
21400 5 0.151962041855
21400 6 0.181432008743
21400 7 0.201684951782
21400 8 0.233573913574
21400 9 0.256115913391
21400 10 0.264153957367
21400 11 0.292273044586
21400 12 0.308693170547
21500 0 0.0272808074951
21500 1 0.0553181171417
21500 2 0.0792601108551
21500 3 0.106422901154
21500 4 0.129834890366
21500 5 0.15176486969
21500 6 0.179347991943
21500 7 0.201631069183
21500 8 0.250288963318
21500 9 0.220785140991
21500 10 0.245278120041
21500 11 0.253213167191
21500 12 0.298546075821
21600 0 0.0321080684662
21600 1 0.0579900741577
21600 2 0.0787441730499
21600 3 0.102737188339
21600 4 0.128686904907
21600 5 0.158478021622
21600 6 0.182152032852
21600 7 0.195897102356
21600 8 0.236446857452
21600 9 0.253026008606
21600 10 0.275251150131
21600 11 0.288809776306
21600 12 0.313449144363
21700 0 0.0315749645233
21700 1 0.0572419166565
21700 2 0.0810289382935
21700 3 0.0986230373383
21700 4 0.135921001434
21700 5 0.157421827316
