0 0 1.90734863281e-06
0 1 9.53674316406e-07
0 2 9.53674316406e-07
0 3 1.90734863281e-06
0 4 9.53674316406e-07
0 5 9.53674316406e-07
0 6 2.00271606445e-05
0 7 9.53674316406e-07
0 8 9.53674316406e-07
0 9 1.19209289551e-06
0 10 9.53674316406e-07
0 11 0.0
0 12 9.53674316406e-07
100 0 0.0
100 1 0.000108003616333
100 2 0.00119113922119
100 3 0.0122048854828
100 4 0.0466690063477
100 5 0.0993070602417
100 6 0.13508105278
100 7 0.143283128738
100 8 0.14023399353
100 9 0.139492988586
100 10 0.149524927139
100 11 0.15535402298
100 12 0.149396181107
200 0 1.90734863281e-06
200 1 0.000135898590088
200 2 0.00717782974243
200 3 0.125786781311
200 4 0.794372081757
200 5 2.12561702728
200 6 3.20409798622
200 7 3.54859399796
200 8 3.58182501793
200 9 3.31547498703
200 10 3.17285585403
200 11 3.56514000893
200 12 3.28864812851
300 0 1.90734863281e-06
300 1 0.000409126281738
300 2 0.0137140750885
300 3 0.392581939697
300 4 2.62582015991
300 5 11.5082809925
300 6 24.3124220371
300 7 29.1617999077
300 8 29.5014569759
300 9 30.4382390976
300 10 31.2025568485
300 11 32.6407849789
300 12 29.6417689323
400 0 2.14576721191e-06
400 1 0.000391960144043
400 2 0.0156350135803
400 3 0.559772968292
400 4 7.18241286278
400 5 40.7258319855
400 6 113.104380131
