0 0 1.90734863281e-06
0 1 2.28881835938e-05
0 2 9.53674316406e-07
0 3 0.0
0 4 1.19209289551e-06
0 5 2.14576721191e-06
0 6 9.53674316406e-07
0 7 1.19209289551e-06
0 8 1.19209289551e-06
0 9 9.53674316406e-07
0 10 0.0
100 0 9.53674316406e-07
100 1 6.69956207275e-05
100 2 0.000684022903442
100 3 0.00400018692017
100 4 0.00511312484741
100 5 0.0049901008606
100 6 0.00543904304504
100 7 0.00525808334351
100 8 0.00520896911621
100 9 0.00462603569031
100 10 0.00506591796875
200 0 9.53674316406e-07
200 1 0.000203132629395
200 2 0.00265097618103
200 3 0.0228779315948
200 4 0.0631921291351
200 5 0.0693261623383
200 6 0.069855928421
200 7 0.0743188858032
200 8 0.0728940963745
200 9 0.0708730220795
200 10 0.0701508522034
300 0 3.81469726562e-06
300 1 0.000218152999878
300 2 0.00734901428223
300 3 0.0745520591736
300 4 0.289829015732
300 5 0.392185926437
300 6 0.385236978531
300 7 0.421278953552
300 8 0.40350484848
300 9 0.399942159653
300 10 0.398537874222
400 0 5.00679016113e-06
400 1 0.000322818756104
400 2 0.0131759643555
400 3 0.195990085602
400 4 0.830694913864
400 5 1.2363140583
400 6 1.25402092934
400 7 1.22991895676
400 8 1.25568199158
400 9 1.19765615463
400 10 1.25716710091
500 0 2.14576721191e-06
500 1 0.000401020050049
500 2 0.0173637866974
500 3 0.394469022751
500 4 1.96213006973
500 5 3.60968613625
500 6 4.32184290886
500 7 3.62368893623
500 8 3.57243180275
500 9 3.72121191025
500 10 3.84163999557
600 0 2.14576721191e-06
600 1 0.000972032546997
600 2 0.0307478904724
600 3 0.708873987198
600 4 3.41615700722
600 5 6.81541085243
600 6 7.96514296532
600 7 7.77761292458
600 8 7.81388902664
600 9 8.15190291405
600 10 8.04765701294
700 0 9.53674316406e-07
700 1 0.000530004501343
700 2 0.0323920249939
700 3 1.03091692924
700 4 6.60361289978
700 5 14.6044948101
700 6 16.8638651371
700 7 16.9873669147
700 8 16.5951240063
700 9 16.5568339825
700 10 16.6075849533
800 0 1.19209289551e-06
800 1 0.000575065612793
800 2 0.0489490032196
800 3 1.34348988533
800 4 10.0726809502
800 5 27.8001668453
800 6 31.8207359314
800 7 30.6969220638
800 8 32.3225588799
800 9 31.7311370373
800 10 32.1373889446
900 0 1.19209289551e-06
900 1 0.000657081604004
900 2 0.0618019104004
900 3 2.02110505104
900 4 16.4838638306
900 5 45.711220026
900 6 58.2074360847
