0 0 1.19209289551e-06
0 1 1.19209289551e-06
0 2 9.53674316406e-07
0 3 9.53674316406e-07
0 4 9.53674316406e-07
0 5 9.53674316406e-07
0 6 9.53674316406e-07
0 7 9.53674316406e-07
0 8 9.53674316406e-07
0 9 9.53674316406e-07
0 10 1.19209289551e-06
0 11 9.53674316406e-07
0 12 9.53674316406e-07
100 0 9.53674316406e-07
100 1 2.86102294922e-06
100 2 2.86102294922e-06
100 3 4.05311584473e-06
100 4 6.91413879395e-06
100 5 3.81469726562e-06
100 6 5.00679016113e-06
100 7 4.05311584473e-06
100 8 5.00679016113e-06
100 9 5.96046447754e-06
100 10 5.00679016113e-06
100 11 4.05311584473e-06
100 12 5.96046447754e-06
200 0 1.90734863281e-06
200 1 3.81469726562e-06
200 2 6.91413879395e-06
200 3 5.96046447754e-06
200 4 5.96046447754e-06
200 5 5.00679016113e-06
200 6 5.96046447754e-06
200 7 8.10623168945e-06
200 8 5.00679016113e-06
200 9 4.05311584473e-06
200 10 5.00679016113e-06
200 11 5.00679016113e-06
200 12 5.00679016113e-06
300 0 9.53674316406e-07
300 1 4.05311584473e-06
300 2 5.00679016113e-06
300 3 4.05311584473e-06
300 4 2.86102294922e-06
300 5 3.09944152832e-06
300 6 4.05311584473e-06
300 7 4.05311584473e-06
300 8 4.05311584473e-06
300 9 3.81469726562e-06
300 10 3.81469726562e-06
300 11 4.05311584473e-06
300 12 3.81469726562e-06
400 0 9.53674316406e-07
400 1 2.86102294922e-06
400 2 3.81469726562e-06
400 3 4.05311584473e-06
400 4 3.81469726562e-06
400 5 3.09944152832e-06
400 6 4.05311584473e-06
400 7 4.05311584473e-06
400 8 3.09944152832e-06
400 9 4.05311584473e-06
400 10 4.05311584473e-06
400 11 3.81469726562e-06
400 12 4.05311584473e-06
500 0 1.19209289551e-06
500 1 1.90734863281e-06
500 2 3.81469726562e-06
500 3 3.09944152832e-06
500 4 3.81469726562e-06
500 5 3.81469726562e-06
500 6 2.86102294922e-06
500 7 2.86102294922e-06
500 8 4.05311584473e-06
500 9 4.05311584473e-06
500 10 4.05311584473e-06
500 11 4.05311584473e-06
500 12 4.05311584473e-06
600 0 1.90734863281e-06
600 1 1.8835067749e-05
600 2 4.05311584473e-06
600 3 4.05311584473e-06
600 4 4.05311584473e-06
600 5 4.05311584473e-06
600 6 4.05311584473e-06
600 7 4.05311584473e-06
600 8 4.05311584473e-06
600 9 4.05311584473e-06
600 10 5.00679016113e-06
600 11 5.00679016113e-06
600 12 5.00679016113e-06
700 0 9.53674316406e-07
700 1 3.09944152832e-06
700 2 4.05311584473e-06
700 3 3.09944152832e-06
700 4 9.05990600586e-06
700 5 3.09944152832e-06
700 6 4.05311584473e-06
700 7 4.05311584473e-06
700 8 3.09944152832e-06
700 9 4.05311584473e-06
700 10 5.00679016113e-06
700 11 4.05311584473e-06
700 12 4.05311584473e-06
800 0 1.19209289551e-06
800 1 2.86102294922e-06
800 2 4.05311584473e-06
800 3 4.05311584473e-06
800 4 3.09944152832e-06
800 5 4.05311584473e-06
800 6 3.09944152832e-06
800 7 5.96046447754e-06
800 8 4.05311584473e-06
800 9 3.81469726562e-06
800 10 5.96046447754e-06
800 11 4.05311584473e-06
800 12 7.86781311035e-06
900 0 1.90734863281e-06
900 1 6.19888305664e-06
900 2 6.91413879395e-06
900 3 5.96046447754e-06
900 4 5.96046447754e-06
900 5 5.00679016113e-06
900 6 5.96046447754e-06
900 7 1.09672546387e-05
900 8 5.00679016113e-06
900 9 5.00679016113e-06
900 10 5.96046447754e-06
900 11 1.09672546387e-05
900 12 8.10623168945e-06
1000 0 1.90734863281e-06
