0 0 9.53674316406e-07
0 1 5.00679016113e-06
0 2 3.81469726562e-06
0 3 3.81469726562e-06
0 4 5.00679016113e-06
0 5 6.91413879395e-06
0 6 5.96046447754e-06
0 7 2.31266021729e-05
0 8 7.15255737305e-06
0 9 6.91413879395e-06
0 10 8.10623168945e-06
0 11 8.10623168945e-06
0 12 8.82148742676e-06
100 0 9.53674316406e-07
100 1 0.000123977661133
100 2 0.000118017196655
100 3 0.000289916992188
100 4 0.000211954116821
100 5 0.000403165817261
100 6 0.000242948532104
100 7 0.000273942947388
100 8 0.000344038009644
100 9 0.000392913818359
100 10 0.00039005279541
100 11 0.000406980514526
100 12 0.000448942184448
200 0 2.14576721191e-06
200 1 0.00027322769165
200 2 0.000328063964844
200 3 0.000335931777954
200 4 0.000428915023804
200 5 0.000502109527588
200 6 0.000553131103516
200 7 0.000607013702393
200 8 0.000687122344971
200 9 0.000687122344971
200 10 0.000751972198486
200 11 0.00080418586731
200 12 0.000852823257446
300 0 9.53674316406e-07
300 1 0.000385999679565
300 2 0.000406980514526
300 3 0.000391960144043
300 4 0.000500917434692
300 5 0.000576019287109
300 6 0.000643968582153
300 7 0.000771999359131
300 8 0.00113296508789
300 9 0.000854969024658
300 10 0.000955820083618
300 11 0.00137186050415
300 12 0.0010449886322
400 0 9.53674316406e-07
400 1 0.000692129135132
400 2 0.000465869903564
400 3 0.000530958175659
400 4 0.000687122344971
400 5 0.000761032104492
400 6 0.000825881958008
400 7 0.000974178314209
400 8 0.00133395195007
400 9 0.00110387802124
400 10 0.00162291526794
400 11 0.00131297111511
400 12 0.00138878822327
500 0 9.53674316406e-07
500 1 0.000800132751465
500 2 0.00058913230896
500 3 0.00065016746521
500 4 0.000834941864014
500 5 0.000972032546997
500 6 0.00108599662781
500 7 0.00127220153809
500 8 0.0014169216156
500 9 0.00144100189209
500 10 0.0019998550415
500 11 0.00165200233459
500 12 0.00174808502197
600 0 1.19209289551e-06
600 1 0.00133395195007
600 2 0.000712871551514
600 3 0.000783920288086
600 4 0.00104689598083
600 5 0.00124883651733
600 6 0.00138282775879
600 7 0.00152683258057
600 8 0.00184297561646
600 9 0.0017261505127
600 10 0.00200200080872
600 11 0.00282597541809
600 12 0.00211095809937
700 0 9.53674316406e-07
700 1 0.000910043716431
700 2 0.000821828842163
700 3 0.000924110412598
700 4 0.00168418884277
700 5 0.00140309333801
700 6 0.00150990486145
700 7 0.00163292884827
700 8 0.00205516815186
700 9 0.00211811065674
700 10 0.00219202041626
700 11 0.00257110595703
700 12 0.00255703926086
800 0 9.53674316406e-07
800 1 0.00104904174805
800 2 0.00112009048462
800 3 0.00134301185608
800 4 0.0013439655304
800 5 0.00204396247864
800 6 0.00171804428101
800 7 0.00265502929688
800 8 0.00220489501953
800 9 0.00236797332764
800 10 0.00398802757263
800 11 0.0025908946991
800 12 0.00371599197388
900 0 1.90734863281e-06
900 1 0.00167202949524
900 2 0.00151991844177
900 3 0.00157904624939
900 4 0.0021870136261
900 5 0.00206303596497
900 6 0.00285005569458
900 7 0.00284814834595
900 8 0.00403213500977
900 9 0.00329303741455
900 10 0.00362110137939
900 11 0.0040979385376
900 12 0.00486612319946
1000 0 2.86102294922e-06
