0 0 2.14576721191e-06
0 1 1.19209289551e-06
0 2 9.53674316406e-07
0 3 9.53674316406e-07
0 4 9.53674316406e-07
0 5 9.53674316406e-07
0 6 1.19209289551e-06
0 7 1.19209289551e-06
0 8 0.0
0 9 9.53674316406e-07
0 10 1.19209289551e-06
100 0 1.19209289551e-06
100 1 0.000123023986816
100 2 0.000694990158081
100 3 0.00190210342407
100 4 0.00154900550842
100 5 0.00153112411499
100 6 0.0022509098053
100 7 0.00225400924683
100 8 0.00163006782532
100 9 0.00144004821777
100 10 0.00149989128113
200 0 1.19209289551e-06
200 1 0.000118017196655
200 2 0.00226807594299
200 3 0.00991201400757
200 4 0.0134191513062
200 5 0.0134770870209
200 6 0.0134868621826
200 7 0.0155389308929
200 8 0.0177509784698
200 9 0.0156400203705
200 10 0.0149219036102
300 0 2.14576721191e-06
300 1 0.000190019607544
300 2 0.00579285621643
300 3 0.0338509082794
300 4 0.0541040897369
300 5 0.0560870170593
300 6 0.0630550384521
300 7 0.06560587883
300 8 0.0624239444733
300 9 0.0600378513336
300 10 0.0636751651764
400 0 1.90734863281e-06
400 1 0.000245094299316
400 2 0.0101990699768
400 3 0.08216381073
400 4 0.197897911072
400 5 0.22008895874
400 6 0.216654062271
400 7 0.193953990936
400 8 0.192536830902
400 9 0.249764204025
400 10 0.22274184227
500 0 5.96046447754e-06
500 1 0.000462055206299
500 2 0.0154581069946
500 3 0.163578033447
500 4 0.649063110352
500 5 0.612430095673
500 6 0.514965057373
500 7 0.480820178986
500 8 0.514842987061
500 9 0.485076904297
500 10 0.480355024338
600 0 2.86102294922e-06
600 1 0.000419855117798
600 2 0.0224621295929
600 3 0.292428016663
600 4 0.848150968552
600 5 0.976861953735
600 6 0.936098098755
600 7 0.938863992691
600 8 0.929287910461
600 9 0.934998035431
600 10 0.955518960953
700 0 2.14576721191e-06
700 1 0.000438213348389
700 2 0.0289740562439
700 3 0.665336847305
700 4 1.42861390114
700 5 1.68736219406
700 6 1.58956193924
700 7 1.65366911888
700 8 2.07949900627
700 9 1.89890384674
700 10 1.50392317772
800 0 9.53674316406e-07
800 1 0.000633001327515
800 2 0.0360419750214
800 3 0.619891881943
800 4 2.32591485977
800 5 3.20452094078
800 6 2.910394907
800 7 3.33729505539
800 8 3.17775201797
800 9 2.78196787834
800 10 2.74299693108
900 0 1.90734863281e-06
900 1 0.000491142272949
900 2 0.0426480770111
900 3 0.915720939636
900 4 3.52508401871
900 5 4.52893686295
900 6 4.58846497536
900 7 4.57643198967
900 8 4.64794182777
900 9 4.57516479492
900 10 4.52865600586
1000 0 2.14576721191e-06
