0 0 2.86102294922e-06
0 1 5.00679016113e-06
0 2 6.91413879395e-06
0 3 5.96046447754e-06
0 4 7.86781311035e-06
0 5 7.15255737305e-06
0 6 6.91413879395e-06
0 7 6.91413879395e-06
0 8 6.91413879395e-06
0 9 6.91413879395e-06
0 10 7.86781311035e-06
0 11 8.10623168945e-06
0 12 7.86781311035e-06
100 0 1.19209289551e-06
100 1 0.000134944915771
100 2 0.000161170959473
100 3 0.000222206115723
100 4 0.000226974487305
100 5 0.000248908996582
100 6 0.000298023223877
100 7 0.000308036804199
100 8 0.000349998474121
100 9 0.000447988510132
100 10 0.000411987304688
100 11 0.000422954559326
100 12 0.000506162643433
200 0 1.90734863281e-06
200 1 0.000391960144043
200 2 0.00028395652771
200 3 0.000394105911255
200 4 0.000372171401978
200 5 0.000372886657715
200 6 0.000429153442383
200 7 0.000577926635742
200 8 0.000673055648804
200 9 0.000667095184326
200 10 0.000746011734009
200 11 0.000839948654175
200 12 0.000972032546997
300 0 9.53674316406e-07
300 1 0.000568151473999
300 2 0.000446081161499
300 3 0.00058388710022
300 4 0.000513076782227
300 5 0.000553131103516
300 6 0.000694990158081
300 7 0.000730037689209
300 8 0.00127100944519
300 9 0.00089693069458
300 10 0.0012149810791
300 11 0.00137495994568
300 12 0.00110006332397
400 0 9.53674316406e-07
400 1 0.000407934188843
400 2 0.000509023666382
400 3 0.00064492225647
400 4 0.000656127929688
400 5 0.000771045684814
400 6 0.00108003616333
400 7 0.00121688842773
400 8 0.00136804580688
400 9 0.00160002708435
400 10 0.00168585777283
400 11 0.00180792808533
400 12 0.00186991691589
500 0 1.19209289551e-06
500 1 0.000630855560303
500 2 0.000680923461914
500 3 0.000786781311035
500 4 0.000996112823486
500 5 0.00115585327148
500 6 0.00131106376648
500 7 0.00152707099915
500 8 0.00178098678589
500 9 0.00185608863831
500 10 0.00198602676392
500 11 0.00213694572449
500 12 0.00223517417908
600 0 9.53674316406e-07
600 1 0.00071907043457
600 2 0.000767946243286
600 3 0.000890016555786
600 4 0.00111889839172
600 5 0.00131011009216
600 6 0.002112865448
600 7 0.00221014022827
600 8 0.00228881835938
600 9 0.00239610671997
600 10 0.00241994857788
600 11 0.00255703926086
600 12 0.00294589996338
700 0 1.90734863281e-06
700 1 0.00090217590332
700 2 0.000991106033325
700 3 0.00114703178406
700 4 0.00149512290955
700 5 0.00166893005371
700 6 0.00184011459351
700 7 0.00209593772888
700 8 0.00247406959534
700 9 0.0028178691864
700 10 0.00295805931091
700 11 0.00306606292725
700 12 0.00318503379822
800 0 9.53674316406e-07
800 1 0.000983953475952
800 2 0.00114512443542
800 3 0.00182390213013
800 4 0.00211310386658
800 5 0.00231313705444
800 6 0.00236201286316
800 7 0.00245404243469
800 8 0.00276708602905
800 9 0.00299882888794
800 10 0.00391912460327
800 11 0.00411009788513
800 12 0.00380301475525
900 0 9.53674316406e-07
900 1 0.00113010406494
900 2 0.00121808052063
900 3 0.0014750957489
900 4 0.00204396247864
900 5 0.0025098323822
900 6 0.00242495536804
900 7 0.0026969909668
900 8 0.00418019294739
900 9 0.00384712219238
900 10 0.00435900688171
900 11 0.00537800788879
900 12 0.00554394721985
1000 0 1.90734863281e-06
1000 1 0.00151395797729
1000 2 0.00164413452148
1000 3 0.00187587738037
1000 4 0.00231885910034
1000 5 0.00258898735046
1000 6 0.00267601013184
1000 7 0.00298690795898
1000 8 0.00342702865601
1000 9 0.003741979599
1000 10 0.00567412376404
1000 11 0.00547099113464
1000 12 0.0045599937439
1100 0 9.53674316406e-07
1100 1 0.00181007385254
1100 2 0.00190901756287
1100 3 0.00178289413452
1100 4 0.00221300125122
1100 5 0.00267291069031
1100 6 0.00289988517761
1100 7 0.00337505340576
1100 8 0.00379490852356
1100 9 0.00437498092651
1100 10 0.0045051574707
1100 11 0.00576496124268
1100 12 0.00602412223816
1200 0 9.53674316406e-07
1200 1 0.00149893760681
1200 2 0.00206017494202
1200 3 0.00407290458679
1200 4 0.00353598594666
1200 5 0.00364184379578
1200 6 0.0038890838623
1200 7 0.00436210632324
1200 8 0.0054829120636
1200 9 0.00545001029968
1200 10 0.0100631713867
1200 11 0.00772500038147
1200 12 0.00755500793457
1300 0 2.14576721191e-06
1300 1 0.00210809707642
1300 2 0.00219392776489
1300 3 0.00268197059631
1300 4 0.00317096710205
1300 5 0.0041241645813
1300 6 0.00436687469482
1300 7 0.00480008125305
1300 8 0.0116419792175
1300 9 0.00676012039185
1300 10 0.00740504264832
1300 11 0.00701689720154
1300 12 0.00796413421631
1400 0 9.53674316406e-07
1400 1 0.00214910507202
1400 2 0.00224494934082
1400 3 0.00602293014526
1400 4 0.00608801841736
1400 5 0.00462293624878
1400 6 0.00540804862976
1400 7 0.00562405586243
1400 8 0.00589895248413
1400 9 0.00726795196533
1400 10 0.00663995742798
1400 11 0.0123519897461
1400 12 0.00780606269836
1500 0 1.90734863281e-06
1500 1 0.00217008590698
1500 2 0.00231504440308
1500 3 0.00259804725647
1500 4 0.0030529499054
1500 5 0.00358486175537
1500 6 0.00396704673767
1500 7 0.00453805923462
1500 8 0.00882291793823
1500 9 0.00733089447021
1500 10 0.00731897354126
1500 11 0.00809907913208
1500 12 0.0072340965271
1600 0 1.90734863281e-06
1600 1 0.00227618217468
1600 2 0.0024619102478
1600 3 0.00264692306519
1600 4 0.00369501113892
1600 5 0.00878310203552
1600 6 0.00593996047974
1600 7 0.00589203834534
1600 8 0.00759077072144
1600 9 0.00747203826904
1600 10 0.00782203674316
1600 11 0.0138521194458
1600 12 0.0110249519348
1700 0 1.90734863281e-06
1700 1 0.00370192527771
1700 2 0.00393295288086
1700 3 0.00368118286133
1700 4 0.00427603721619
1700 5 0.00483798980713
1700 6 0.0078980922699
1700 7 0.00873994827271
1700 8 0.00778317451477
1700 9 0.0085871219635
1700 10 0.00858092308044
1700 11 0.00871896743774
1700 12 0.0153810977936
1800 0 2.14576721191e-06
1800 1 0.00305080413818
1800 2 0.00306415557861
1800 3 0.00390005111694
1800 4 0.00496816635132
1800 5 0.00511002540588
1800 6 0.00609111785889
1800 7 0.00659894943237
1800 8 0.0118300914764
1800 9 0.0084228515625
1800 10 0.00870084762573
1800 11 0.00802087783813
1800 12 0.00841498374939
1900 0 1.90734863281e-06
1900 1 0.00342106819153
1900 2 0.00672388076782
1900 3 0.00441098213196
1900 4 0.00463318824768
1900 5 0.00521802902222
1900 6 0.00528120994568
1900 7 0.00567317008972
1900 8 0.00662612915039
1900 9 0.0100061893463
1900 10 0.00971508026123
1900 11 0.00847101211548
1900 12 0.00890803337097
2000 0 9.53674316406e-07
2000 1 0.00245809555054
2000 2 0.00271201133728
2000 3 0.0031840801239
2000 4 0.00403499603271
2000 5 0.00654792785645
2000 6 0.00825905799866
2000 7 0.00603103637695
2000 8 0.00700211524963
2000 9 0.00766491889954
2000 10 0.0083749294281
2000 11 0.0112340450287
2000 12 0.0128412246704
2100 0 9.53674316406e-07
2100 1 0.00264096260071
2100 2 0.00284695625305
2100 3 0.00337100028992
2100 4 0.00429201126099
2100 5 0.00494790077209
2100 6 0.00582814216614
2100 7 0.00651788711548
2100 8 0.0109210014343
2100 9 0.00799202919006
2100 10 0.00867414474487
2100 11 0.00933694839478
2100 12 0.00987601280212
2200 0 2.14576721191e-06
2200 1 0.00254797935486
2200 2 0.00449705123901
2200 3 0.00618410110474
2200 4 0.0046820640564
2200 5 0.00515294075012
2200 6 0.00587797164917
2200 7 0.00657510757446
2200 8 0.00771021842957
2200 9 0.00777006149292
2200 10 0.0126390457153
2200 11 0.0098729133606
2200 12 0.0103311538696
2300 0 1.90734863281e-06
2300 1 0.00283718109131
2300 2 0.00305509567261
2300 3 0.00328493118286
2300 4 0.00409889221191
2300 5 0.00874495506287
2300 6 0.00817894935608
2300 7 0.00700306892395
2300 8 0.00810217857361
2300 9 0.00886607170105
2300 10 0.00901889801025
2300 11 0.0140779018402
2300 12 0.0114572048187
2400 0 2.14576721191e-06
2400 1 0.00299882888794
2400 2 0.00331115722656
2400 3 0.0038800239563
2400 4 0.00493788719177
2400 5 0.00549292564392
2400 6 0.0096960067749
2400 7 0.0090000629425
2400 8 0.00838804244995
2400 9 0.00921201705933
2400 10 0.00941896438599
2400 11 0.0131850242615
2400 12 0.0127620697021
2500 0 2.14576721191e-06
2500 1 0.00310087203979
2500 2 0.00343203544617
2500 3 0.00414609909058
2500 4 0.0051372051239
2500 5 0.00600695610046
2500 6 0.0066020488739
2500 7 0.011442899704
2500 8 0.00899291038513
2500 9 0.0102438926697
2500 10 0.0108652114868
2500 11 0.0126800537109
2500 12 0.013876914978
2600 0 1.19209289551e-06
2600 1 0.00336217880249
2600 2 0.0036199092865
2600 3 0.00465393066406
2600 4 0.00585293769836
2600 5 0.00633883476257
2600 6 0.00800585746765
2600 7 0.00820589065552
2600 8 0.00975108146667
2600 9 0.0123610496521
2600 10 0.0117180347443
2600 11 0.0160019397736
2600 12 0.0167779922485
2700 0 2.86102294922e-06
2700 1 0.00433588027954
2700 2 0.00420999526978
2700 3 0.00465798377991
2700 4 0.00703501701355
2700 5 0.0117440223694
2700 6 0.00873589515686
2700 7 0.008957862854
2700 8 0.00964498519897
2700 9 0.0155971050262
2700 10 0.0123031139374
2700 11 0.0121238231659
2700 12 0.0129981040955
2800 0 1.90734863281e-06
2800 1 0.00737285614014
2800 2 0.00465989112854
2800 3 0.0045371055603
2800 4 0.00574111938477
2800 5 0.00666093826294
2800 6 0.00839495658875
2800 7 0.00886511802673
2800 8 0.0119380950928
2800 9 0.0140950679779
2800 10 0.0127520561218
2800 11 0.0142440795898
2800 12 0.0168449878693
2900 0 3.09944152832e-06
2900 1 0.00431299209595
2900 2 0.00413608551025
2900 3 0.00785398483276
2900 4 0.00778198242188
2900 5 0.0116648674011
2900 6 0.0146000385284
2900 7 0.0125060081482
2900 8 0.0126249790192
2900 9 0.0180971622467
2900 10 0.0131340026855
2900 11 0.0130460262299
2900 12 0.0194652080536
3000 0 1.90734863281e-06
3000 1 0.0038001537323
3000 2 0.00413393974304
3000 3 0.00488710403442
3000 4 0.00616192817688
3000 5 0.00709199905396
3000 6 0.00803804397583
3000 7 0.0147731304169
3000 8 0.0117449760437
3000 9 0.0125629901886
3000 10 0.0147800445557
3000 11 0.0156879425049
3000 12 0.0190188884735
3100 0 5.00679016113e-06
3100 1 0.00537991523743
3100 2 0.00584197044373
3100 3 0.00972700119019
3100 4 0.00908493995667
3100 5 0.00951194763184
3100 6 0.0132439136505
3100 7 0.0173568725586
3100 8 0.0147769451141
3100 9 0.0137259960175
3100 10 0.0188779830933
3100 11 0.0151720046997
3100 12 0.0149478912354
3200 0 1.19209289551e-06
3200 1 0.00398206710815
3200 2 0.00699496269226
3200 3 0.00808501243591
3200 4 0.00736904144287
3200 5 0.00764012336731
3200 6 0.00872111320496
3200 7 0.00974702835083
3200 8 0.0156979560852
3200 9 0.0124869346619
3200 10 0.0135259628296
3200 11 0.0155448913574
3200 12 0.0174779891968
3300 0 2.14576721191e-06
3300 1 0.00410199165344
3300 2 0.00456094741821
3300 3 0.00543594360352
3300 4 0.00666880607605
3300 5 0.00919389724731
3300 6 0.0120739936829
3300 7 0.0101277828217
3300 8 0.0117239952087
3300 9 0.0152530670166
3300 10 0.0169959068298
3300 11 0.0153300762177
3300 12 0.0198721885681
3400 0 3.09944152832e-06
3400 1 0.00547504425049
3400 2 0.00471186637878
3400 3 0.00551795959473
3400 4 0.00703978538513
3400 5 0.00812101364136
3400 6 0.0089590549469
3400 7 0.0152220726013
3400 8 0.0120770931244
3400 9 0.0134479999542
3400 10 0.0176658630371
3400 11 0.0173749923706
3400 12 0.0163960456848
3500 0 1.19209289551e-06
3500 1 0.0037260055542
3500 2 0.00427794456482
3500 3 0.00958609580994
3500 4 0.00743103027344
3500 5 0.00833797454834
3500 6 0.00946712493896
3500 7 0.0101718902588
3500 8 0.0170681476593
3500 9 0.0136799812317
3500 10 0.0138421058655
3500 11 0.0178761482239
3500 12 0.0169441699982
3600 0 1.19209289551e-06
3600 1 0.00445103645325
3600 2 0.00442409515381
3600 3 0.00490999221802
3600 4 0.00615406036377
3600 5 0.0124359130859
3600 6 0.00967812538147
3600 7 0.0109548568726
3600 8 0.0110371112823
3600 9 0.0167300701141
3600 10 0.0153379440308
3600 11 0.0149970054626
3600 12 0.0198628902435
3700 0 9.53674316406e-07
3700 1 0.00459003448486
3700 2 0.00528311729431
3700 3 0.00598812103271
3700 4 0.00765299797058
3700 5 0.00822496414185
3700 6 0.0139350891113
3700 7 0.0112729072571
3700 8 0.0130500793457
3700 9 0.0137178897858
3700 10 0.0209579467773
3700 11 0.0167641639709
3700 12 0.0212738513947
3800 0 2.14576721191e-06
3800 1 0.00498199462891
3800 2 0.00522303581238
3800 3 0.00615191459656
3800 4 0.00782704353333
3800 5 0.00899195671082
3800 6 0.0137422084808
3800 7 0.013659954071
3800 8 0.0135779380798
3800 9 0.014955997467
3800 10 0.0213580131531
3800 11 0.0174841880798
3800 12 0.0230660438538
3900 0 2.14576721191e-06
3900 1 0.00486302375793
3900 2 0.00540995597839
3900 3 0.00635099411011
3900 4 0.00812196731567
3900 5 0.0084400177002
3900 6 0.0133168697357
3900 7 0.0118820667267
3900 8 0.0137000083923
3900 9 0.0126810073853
3900 10 0.0201849937439
3900 11 0.0171749591827
3900 12 0.0194709300995
4000 0 1.90734863281e-06
4000 1 0.00633096694946
4000 2 0.00551581382751
4000 3 0.00648093223572
4000 4 0.00822901725769
4000 5 0.00838804244995
4000 6 0.0122900009155
4000 7 0.0143189430237
4000 8 0.0143508911133
4000 9 0.0147891044617
4000 10 0.0218460559845
4000 11 0.0180230140686
4000 12 0.0242998600006
4100 0 9.53674316406e-07
4100 1 0.00511693954468
4100 2 0.00570893287659
4100 3 0.00670313835144
4100 4 0.00767397880554
4100 5 0.00906300544739
4100 6 0.0159959793091
4100 7 0.0125799179077
4100 8 0.0143980979919
4100 9 0.022253036499
4100 10 0.0174770355225
4100 11 0.021094083786
4100 12 0.0209350585938
4200 0 2.14576721191e-06
4200 1 0.00512099266052
4200 2 0.00504088401794
4200 3 0.00583100318909
4200 4 0.0119550228119
4200 5 0.0114290714264
4200 6 0.0114541053772
4200 7 0.0120749473572
4200 8 0.0194890499115
4200 9 0.0172579288483
4200 10 0.0178339481354
4200 11 0.0220060348511
4200 12 0.0195469856262
4300 0 9.53674316406e-07
4300 1 0.004390001297
4300 2 0.00729298591614
4300 3 0.00980687141418
4300 4 0.00898599624634
4300 5 0.0103311538696
4300 6 0.0118520259857
4300 7 0.016951084137
4300 8 0.0154120922089
4300 9 0.0156598091125
4300 10 0.0216991901398
4300 11 0.019437789917
4300 12 0.0226359367371
4400 0 1.90734863281e-06
4400 1 0.00565099716187
4400 2 0.00614786148071
4400 3 0.00722098350525
4400 4 0.00894498825073
4400 5 0.00870203971863
4400 6 0.0148780345917
4400 7 0.0134260654449
4400 8 0.0157659053802
4400 9 0.021064043045
4400 10 0.0186381340027
4400 11 0.0185720920563
4400 12 0.0242989063263
4500 0 2.14576721191e-06
4500 1 0.00559687614441
4500 2 0.00625705718994
4500 3 0.00688791275024
4500 4 0.013386964798
4500 5 0.0109860897064
4500 6 0.0123620033264
4500 7 0.0126399993896
4500 8 0.0202190876007
4500 9 0.0191211700439
4500 10 0.0225551128387
4500 11 0.0208208560944
4500 12 0.0208311080933
4600 0 9.53674316406e-07
4600 1 0.00934100151062
4600 2 0.00705409049988
4600 3 0.00757908821106
4600 4 0.00957107543945
4600 5 0.0110440254211
4600 6 0.0169920921326
4600 7 0.0143909454346
4600 8 0.0163640975952
4600 9 0.0229110717773
4600 10 0.0196559429169
4600 11 0.0265679359436
4600 12 0.0225389003754
4700 0 9.53674316406e-07
4700 1 0.00590515136719
4700 2 0.0117580890656
4700 3 0.00855588912964
4700 4 0.009850025177
4700 5 0.0115268230438
4700 6 0.0160491466522
4700 7 0.0172159671783
4700 8 0.017107963562
4700 9 0.0230638980865
4700 10 0.0201170444489
4700 11 0.0263278484344
4700 12 0.0232238769531
4800 0 9.53674316406e-07
4800 1 0.00602197647095
4800 2 0.00641798973083
4800 3 0.0141899585724
4800 4 0.0100939273834
4800 5 0.0129680633545
4800 6 0.0132009983063
4800 7 0.0191180706024
4800 8 0.01717710495
4800 9 0.021213054657
4800 10 0.0218989849091
4800 11 0.020840883255
4800 12 0.0285449028015
4900 0 9.53674316406e-07
4900 1 0.00615310668945
4900 2 0.00679612159729
4900 3 0.00951385498047
4900 4 0.0137689113617
4900 5 0.0117371082306
4900 6 0.0133609771729
4900 7 0.0219008922577
4900 8 0.0177760124207
4900 9 0.0231819152832
4900 10 0.0224411487579
4900 11 0.0271821022034
4900 12 0.025267124176
5000 0 9.53674316406e-07
5000 1 0.00626301765442
5000 2 0.00700998306274
5000 3 0.0126059055328
5000 4 0.0104460716248
5000 5 0.0120480060577
5000 6 0.0132398605347
5000 7 0.0190989971161
5000 8 0.0180928707123
5000 9 0.0219969749451
5000 10 0.0235159397125
5000 11 0.0259621143341
5000 12 0.0265669822693
5100 0 9.53674316406e-07
5100 1 0.00642395019531
5100 2 0.00687098503113
5100 3 0.0127069950104
5100 4 0.0111751556396
5100 5 0.012393951416
5100 6 0.0139548778534
5100 7 0.0197019577026
5100 8 0.0182430744171
5100 9 0.0227520465851
5100 10 0.0218141078949
5100 11 0.0252859592438
5100 12 0.0261220932007
5200 0 2.14576721191e-06
5200 1 0.00593304634094
5200 2 0.0060441493988
5200 3 0.0117108821869
5200 4 0.0117399692535
5200 5 0.012491941452
5200 6 0.0140039920807
5200 7 0.0204901695251
5200 8 0.0187289714813
5200 9 0.0251657962799
5200 10 0.0247979164124
5200 11 0.0299830436707
5200 12 0.0345060825348
5300 0 2.14576721191e-06
5300 1 0.00953197479248
5300 2 0.0103781223297
5300 3 0.0140559673309
5300 4 0.0204889774323
5300 5 0.0150680541992
5300 6 0.0145480632782
5300 7 0.0224950313568
5300 8 0.0190801620483
5300 9 0.0263910293579
5300 10 0.0236909389496
5300 11 0.0303800106049
5300 12 0.027370929718
5400 0 2.14576721191e-06
5400 1 0.00680303573608
5400 2 0.012079000473
5400 3 0.00888586044312
5400 4 0.0113589763641
5400 5 0.0128509998322
5400 6 0.0200099945068
5400 7 0.0168018341064
5400 8 0.0187208652496
5400 9 0.0247521400452
5400 10 0.0221931934357
5400 11 0.0294549465179
5400 12 0.0313398838043
5500 0 1.90734863281e-06
5500 1 0.00690793991089
5500 2 0.00771498680115
5500 3 0.00908899307251
5500 4 0.0105681419373
5500 5 0.0175919532776
5500 6 0.0152499675751
5500 7 0.016706943512
5500 8 0.0253119468689
5500 9 0.0221080780029
5500 10 0.0272150039673
5500 11 0.0315527915955
5500 12 0.0317890644073
5600 0 2.14576721191e-06
5600 1 0.00773811340332
5600 2 0.0143659114838
5600 3 0.0148620605469
5600 4 0.0183980464935
5600 5 0.0252060890198
5600 6 0.0212979316711
5600 7 0.0302238464355
5600 8 0.0310959815979
5600 9 0.0279221534729
5600 10 0.030867099762
5600 11 0.0312359333038
5600 12 0.0424818992615
5700 0 6.19888305664e-06
5700 1 0.0119822025299
5700 2 0.0149409770966
5700 3 0.0134959220886
5700 4 0.0162220001221
5700 5 0.0239357948303
5700 6 0.0218029022217
5700 7 0.027055978775
5700 8 0.0210208892822
5700 9 0.0298609733582
5700 10 0.0244989395142
5700 11 0.029552936554
5700 12 0.0341320037842
5800 0 1.90734863281e-06
5800 1 0.00727105140686
5800 2 0.00815105438232
5800 3 0.00956296920776
5800 4 0.0178241729736
5800 5 0.0147798061371
5800 6 0.0160069465637
5800 7 0.0230519771576
5800 8 0.0223741531372
5800 9 0.0266299247742
5800 10 0.025022983551
5800 11 0.030336856842
5800 12 0.0287010669708
5900 0 9.53674316406e-07
5900 1 0.0134160518646
5900 2 0.00953698158264
5900 3 0.00980401039124
5900 4 0.0124850273132
5900 5 0.0203218460083
5900 6 0.0164370536804
5900 7 0.0183358192444
5900 8 0.0250241756439
5900 9 0.0227589607239
5900 10 0.0307059288025
5900 11 0.0305948257446
5900 12 0.0296590328217
6000 0 1.90734863281e-06
6000 1 0.00768113136292
6000 2 0.0130858421326
6000 3 0.0100808143616
6000 4 0.0126571655273
6000 5 0.0151841640472
6000 6 0.0207710266113
6000 7 0.0188307762146
6000 8 0.0307829380035
6000 9 0.0241279602051
6000 10 0.0290369987488
6000 11 0.0304050445557
6000 12 0.0323369503021
6100 0 9.53674316406e-07
6100 1 0.00761294364929
6100 2 0.0136539936066
6100 3 0.0101208686829
6100 4 0.0128321647644
6100 5 0.0147891044617
6100 6 0.02254986763
6100 7 0.0191121101379
6100 8 0.0266051292419
6100 9 0.02423620224
6100 10 0.0330770015717
6100 11 0.0340869426727
6100 12 0.0323460102081
6200 0 9.53674316406e-07
6200 1 0.0112550258636
6200 2 0.0132720470428
6200 3 0.0108098983765
6200 4 0.0131459236145
6200 5 0.0229330062866
6200 6 0.0181131362915
6200 7 0.0212168693542
6200 8 0.0242700576782
6200 9 0.0304679870605
6200 10 0.0280380249023
6200 11 0.0327179431915
6200 12 0.0332989692688
6300 0 1.90734863281e-06
6300 1 0.0104069709778
6300 2 0.00899696350098
6300 3 0.0105359554291
6300 4 0.0184569358826
6300 5 0.0205161571503
6300 6 0.0174400806427
6300 7 0.0255410671234
6300 8 0.0229279994965
6300 9 0.0297250747681
6300 10 0.0302929878235
6300 11 0.0325601100922
6300 12 0.0381739139557
6400 0 1.19209289551e-06
6400 1 0.00813984870911
6400 2 0.00908589363098
6400 3 0.0134618282318
6400 4 0.0141260623932
6400 5 0.0155990123749
6400 6 0.0223999023438
6400 7 0.0201618671417
6400 8 0.0283041000366
6400 9 0.029345035553
6400 10 0.0383598804474
6400 11 0.0504858493805
6400 12 0.0455689430237
6500 0 1.19209289551e-06
6500 1 0.0081799030304
6500 2 0.00908589363098
6500 3 0.0141100883484
6500 4 0.0159242153168
6500 5 0.0159292221069
6500 6 0.0253710746765
6500 7 0.0202360153198
6500 8 0.0266809463501
6500 9 0.0257158279419
6500 10 0.034099817276
6500 11 0.0329492092133
6500 12 0.0336680412292
6600 0 2.14576721191e-06
6600 1 0.0124380588531
6600 2 0.0148270130157
6600 3 0.0116169452667
6600 4 0.0151569843292
6600 5 0.022125005722
6600 6 0.0182919502258
6600 7 0.0269658565521
6600 8 0.0241439342499
6600 9 0.0301239490509
6600 10 0.0276930332184
6600 11 0.0344579219818
6600 12 0.0410530567169
6700 0 9.53674316406e-07
6700 1 0.00850915908813
6700 2 0.00956606864929
6700 3 0.0146400928497
6700 4 0.014799118042
6700 5 0.0162920951843
6700 6 0.0285859107971
6700 7 0.0214939117432
6700 8 0.0268881320953
6700 9 0.026113986969
6700 10 0.0345680713654
6700 11 0.0342030525208
6700 12 0.031937122345
6800 0 9.53674316406e-07
6800 1 0.0136308670044
6800 2 0.009840965271
6800 3 0.011225938797
6800 4 0.0163669586182
6800 5 0.0235230922699
6800 6 0.019159078598
6800 7 0.0284628868103
6800 8 0.0256390571594
6800 9 0.0336458683014
6800 10 0.0342919826508
6800 11 0.0333890914917
6800 12 0.0379550457001
6900 0 1.90734863281e-06
6900 1 0.00887489318848
6900 2 0.015105009079
6900 3 0.0124781131744
6900 4 0.0145089626312
6900 5 0.0197758674622
6900 6 0.0209939479828
6900 7 0.0266151428223
6900 8 0.0272300243378
6900 9 0.0346441268921
6900 10 0.0314650535583
6900 11 0.0356500148773
6900 12 0.0373017787933
7000 0 9.53674316406e-07
7000 1 0.00874280929565
7000 2 0.00899410247803
7000 3 0.0178291797638
7000 4 0.0158560276031
7000 5 0.016998052597
7000 6 0.0258550643921
7000 7 0.0220398902893
7000 8 0.0341708660126
7000 9 0.0338430404663
7000 10 0.0308148860931
7000 11 0.0384171009064
7000 12 0.0383899211884
7100 0 1.19209289551e-06
7100 1 0.0088939666748
7100 2 0.00968885421753
7100 3 0.0158591270447
7100 4 0.0181250572205
7100 5 0.0176990032196
7100 6 0.0262770652771
7100 7 0.0220329761505
7100 8 0.0320088863373
7100 9 0.0316050052643
7100 10 0.0337650775909
7100 11 0.0441720485687
7100 12 0.0410170555115
7200 0 2.14576721191e-06
7200 1 0.00915503501892
7200 2 0.0119638442993
7200 3 0.0183589458466
7200 4 0.0152549743652
7200 5 0.0210230350494
7200 6 0.0270380973816
7200 7 0.0269169807434
7200 8 0.0285959243774
7200 9 0.0374391078949
7200 10 0.0341970920563
7200 11 0.0384449958801
7200 12 0.039510011673
7300 0 1.90734863281e-06
7300 1 0.0131621360779
7300 2 0.0146708488464
7300 3 0.0122718811035
7300 4 0.0209519863129
7300 5 0.0267388820648
7300 6 0.0255770683289
7300 7 0.0294568538666
7300 8 0.0383350849152
7300 9 0.0317399501801
7300 10 0.035206079483
7300 11 0.0409400463104
7300 12 0.0406711101532
7400 0 9.53674316406e-07
7400 1 0.00932097434998
7400 2 0.0122470855713
7400 3 0.0187199115753
7400 4 0.0157399177551
7400 5 0.0218141078949
7400 6 0.0285789966583
7400 7 0.0306520462036
7400 8 0.0293860435486
7400 9 0.036633014679
7400 10 0.0385539531708
7400 11 0.0389370918274
7400 12 0.0439670085907
7500 0 1.90734863281e-06
7500 1 0.0168840885162
7500 2 0.0124020576477
7500 3 0.016970872879
7500 4 0.0219738483429
7500 5 0.0182411670685
7500 6 0.0239629745483
7500 7 0.0226440429688
7500 8 0.0341498851776
7500 9 0.0330350399017
7500 10 0.0364608764648
7500 11 0.0406649112701
7500 12 0.0406830310822
7600 0 1.90734863281e-06
7600 1 0.00950789451599
7600 2 0.00956988334656
7600 3 0.0200769901276
7600 4 0.0160768032074
7600 5 0.0214409828186
7600 6 0.0267450809479
7600 7 0.028058052063
7600 8 0.0303690433502
7600 9 0.0335261821747
7600 10 0.0385019779205
7600 11 0.0390899181366
7600 12 0.0441238880157
7700 0 3.09944152832e-06
7700 1 0.0148890018463
7700 2 0.0116078853607
7700 3 0.012836933136
7700 4 0.0203630924225
7700 5 0.0219230651855
7700 6 0.0274500846863
7700 7 0.0260350704193
7700 8 0.032867193222
7700 9 0.0341360569
7700 10 0.0374300479889
7700 11 0.0380299091339
7700 12 0.0440459251404
7800 0 1.19209289551e-06
7800 1 0.00984907150269
7800 2 0.0119149684906
7800 3 0.0165009498596
7800 4 0.0194509029388
7800 5 0.0257210731506
7800 6 0.0250668525696
7800 7 0.0291230678558
7800 8 0.0331659317017
7800 9 0.0377390384674
7800 10 0.0378448963165
7800 11 0.0462560653687
7800 12 0.0423309803009
7900 0 9.53674316406e-07
7900 1 0.0125050544739
7900 2 0.0113089084625
7900 3 0.0164258480072
7900 4 0.0229389667511
7900 5 0.0237550735474
7900 6 0.0247149467468
7900 7 0.0272030830383
7900 8 0.0327618122101
7900 9 0.0364639759064
7900 10 0.0439720153809
7900 11 0.0424621105194
7900 12 0.0452439785004
8000 0 9.53674316406e-07
8000 1 0.0145270824432
8000 2 0.0114200115204
8000 3 0.0177340507507
8000 4 0.0242028236389
8000 5 0.0246617794037
8000 6 0.0294780731201
8000 7 0.0311439037323
8000 8 0.0356380939484
8000 9 0.0388979911804
8000 10 0.0371510982513
8000 11 0.0472588539124
8000 12 0.0457479953766
8100 0 9.53674316406e-07
8100 1 0.0102360248566
8100 2 0.0146241188049
8100 3 0.0159590244293
8100 4 0.0207269191742
8100 5 0.0267999172211
8100 6 0.0272991657257
8100 7 0.0325219631195
8100 8 0.035028219223
8100 9 0.0372848510742
8100 10 0.0453169345856
8100 11 0.040088891983
8100 12 0.0489099025726
8200 0 9.53674316406e-07
8200 1 0.0105118751526
8200 2 0.018944978714
8200 3 0.0187859535217
8200 4 0.0220248699188
8200 5 0.0263981819153
8200 6 0.0303819179535
8200 7 0.033185005188
8200 8 0.0399379730225
8200 9 0.037495136261
8200 10 0.0426208972931
8200 11 0.0432589054108
8200 12 0.0455598831177
8300 0 2.14576721191e-06
8300 1 0.0131859779358
8300 2 0.0121810436249
8300 3 0.0199911594391
8300 4 0.0283761024475
8300 5 0.0317139625549
8300 6 0.0285038948059
8300 7 0.0289239883423
8300 8 0.0349018573761
8300 9 0.0431439876556
8300 10 0.0457501411438
8300 11 0.0533020496368
8300 12 0.0510928630829
8400 0 1.90734863281e-06
8400 1 0.0209279060364
8400 2 0.016930103302
8400 3 0.0243279933929
8400 4 0.0290539264679
8400 5 0.0314040184021
8400 6 0.0351150035858
8400 7 0.0322270393372
8400 8 0.0342500209808
8400 9 0.0428650379181
8400 10 0.0399379730225
8400 11 0.0441269874573
8400 12 0.0474410057068
8500 0 9.53674316406e-07
8500 1 0.0153560638428
8500 2 0.012531042099
8500 3 0.0176041126251
8500 4 0.0211310386658
8500 5 0.0247919559479
8500 6 0.0265879631042
8500 7 0.0299370288849
8500 8 0.034373998642
8500 9 0.0380790233612
8500 10 0.0432050228119
8500 11 0.0440940856934
8500 12 0.0612199306488
8600 0 1.19209289551e-06
8600 1 0.0133152008057
8600 2 0.0177919864655
8600 3 0.0178711414337
8600 4 0.0217161178589
8600 5 0.0244929790497
8600 6 0.027724981308
8600 7 0.0297350883484
8600 8 0.039911031723
8600 9 0.0423710346222
8600 10 0.0558199882507
8600 11 0.0510320663452
8600 12 0.0502290725708
8700 0 2.14576721191e-06
8700 1 0.0118470191956
8700 2 0.0199220180511
8700 3 0.0198059082031
8700 4 0.022744178772
8700 5 0.0247898101807
8700 6 0.0278251171112
8700 7 0.0302610397339
8700 8 0.0424089431763
8700 9 0.0389719009399
8700 10 0.0497360229492
8700 11 0.0568361282349
8700 12 0.0497460365295
8800 0 1.90734863281e-06
8800 1 0.0124480724335
8800 2 0.0179920196533
8800 3 0.019926071167
8800 4 0.0232770442963
8800 5 0.0244610309601
8800 6 0.0282051563263
8800 7 0.0310349464417
8800 8 0.0380690097809
8800 9 0.0492329597473
8800 10 0.046070098877
8800 11 0.0455770492554
8800 12 0.0564429759979
8900 0 1.90734863281e-06
8900 1 0.0139269828796
8900 2 0.0197670459747
8900 3 0.018208026886
8900 4 0.0227708816528
8900 5 0.0243558883667
8900 6 0.0281360149384
8900 7 0.030378818512
8900 8 0.0405700206757
8900 9 0.0416769981384
8900 10 0.0504560470581
8900 11 0.0457229614258
8900 12 0.0596339702606
9000 0 2.14576721191e-06
9000 1 0.0116281509399
9000 2 0.0219349861145
9000 3 0.0240480899811
9000 4 0.029757976532
9000 5 0.0270998477936
9000 6 0.0283489227295
9000 7 0.040452003479
9000 8 0.0379319190979
9000 9 0.0431590080261
9000 10 0.0481739044189
9000 11 0.0494410991669
9000 12 0.0570139884949
9100 0 1.19209289551e-06
9100 1 0.0144209861755
9100 2 0.0203809738159
9100 3 0.0263311862946
9100 4 0.0258748531342
9100 5 0.025162935257
9100 6 0.0277950763702
9100 7 0.032299041748
9100 8 0.0408589839935
9100 9 0.044891834259
9100 10 0.0454459190369
9100 11 0.0526762008667
9100 12 0.0501270294189
9200 0 9.53674316406e-07
9200 1 0.014456987381
9200 2 0.0148358345032
9200 3 0.0245399475098
9200 4 0.0282800197601
9200 5 0.0255999565125
9200 6 0.030562877655
9200 7 0.0321478843689
9200 8 0.0400550365448
9200 9 0.0519199371338
9200 10 0.0517358779907
9200 11 0.0488541126251
9200 12 0.0510420799255
9300 0 9.53674316406e-07
9300 1 0.0194680690765
9300 2 0.0192799568176
9300 3 0.0221140384674
9300 4 0.0251331329346
9300 5 0.0337679386139
9300 6 0.0363829135895
9300 7 0.0336709022522
9300 8 0.0452990531921
9300 9 0.0443608760834
9300 10 0.0454559326172
9300 11 0.0488440990448
9300 12 0.0516769886017
9400 0 9.53674316406e-07
9400 1 0.018404006958
9400 2 0.0210361480713
9400 3 0.026515007019
9400 4 0.030002117157
9400 5 0.0311050415039
9400 6 0.0291948318481
9400 7 0.0366859436035
9400 8 0.0413088798523
9400 9 0.0423510074615
9400 10 0.0516788959503
9400 11 0.0491099357605
9400 12 0.0523409843445
9500 0 1.90734863281e-06
9500 1 0.0164458751678
9500 2 0.017009973526
9500 3 0.0188400745392
9500 4 0.0231730937958
9500 5 0.0272290706635
9500 6 0.0349149703979
9500 7 0.0470352172852
9500 8 0.0469901561737
9500 9 0.047819852829
9500 10 0.047336101532
9500 11 0.0502350330353
9500 12 0.0519669055939
9600 0 9.53674316406e-07
9600 1 0.0171120166779
9600 2 0.0218620300293
9600 3 0.0213332176208
9600 4 0.0232608318329
9600 5 0.0264818668365
9600 6 0.0299918651581
9600 7 0.0412929058075
9600 8 0.0433070659637
9600 9 0.0449929237366
9600 10 0.0501761436462
9600 11 0.0536739826202
9600 12 0.0550289154053
9700 0 2.14576721191e-06
9700 1 0.0153090953827
9700 2 0.019819021225
9700 3 0.0213887691498
9700 4 0.0272088050842
9700 5 0.0328619480133
9700 6 0.034276008606
9700 7 0.0384669303894
9700 8 0.0469200611115
9700 9 0.0487139225006
9700 10 0.0478391647339
9700 11 0.0506119728088
9700 12 0.0534780025482
9800 0 1.90734863281e-06
9800 1 0.0188539028168
9800 2 0.0198409557343
9800 3 0.0280969142914
9800 4 0.0297100543976
9800 5 0.0331900119781
9800 6 0.0367038249969
9800 7 0.0382928848267
9800 8 0.044783115387
9800 9 0.0453429222107
9800 10 0.0507659912109
9800 11 0.0536408424377
9800 12 0.0544829368591
9900 0 1.90734863281e-06
9900 1 0.0168869495392
9900 2 0.018070936203
9900 3 0.0256018638611
9900 4 0.0245609283447
9900 5 0.0277941226959
9900 6 0.0305259227753
9900 7 0.0352020263672
9900 8 0.0442187786102
9900 9 0.0487558841705
9900 10 0.0494818687439
9900 11 0.0519499778748
9900 12 0.0553197860718
10000 0 9.53674316406e-07
10000 1 0.0169661045074
10000 2 0.0174210071564
10000 3 0.0199649333954
10000 4 0.0241441726685
10000 5 0.0278558731079
10000 6 0.0307049751282
10000 7 0.0397210121155
10000 8 0.0524749755859
10000 9 0.0464510917664
10000 10 0.049868106842
10000 11 0.0531799793243
10000 12 0.0566070079803
10100 0 1.90734863281e-06
10100 1 0.0200438499451
10100 2 0.0194809436798
10100 3 0.0207130908966
10100 4 0.0241498947144
10100 5 0.0273430347443
10100 6 0.0342099666595
10100 7 0.0364680290222
10100 8 0.0489687919617
10100 9 0.0465769767761
10100 10 0.0487020015717
10100 11 0.0519301891327
10100 12 0.0566840171814
10200 0 1.90734863281e-06
10200 1 0.016284942627
10200 2 0.0200860500336
10200 3 0.0223619937897
10200 4 0.0303997993469
10200 5 0.0282530784607
10200 6 0.0321531295776
10200 7 0.0354661941528
10200 8 0.0468828678131
10200 9 0.0494089126587
10200 10 0.0574331283569
10200 11 0.053102016449
10200 12 0.0577669143677
10300 0 9.53674316406e-07
10300 1 0.0161080360413
10300 2 0.0178010463715
10300 3 0.0206201076508
10300 4 0.0245380401611
10300 5 0.028657913208
10300 6 0.0330228805542
10300 7 0.0507090091705
10300 8 0.0444390773773
10300 9 0.0480310916901
10300 10 0.0506329536438
10300 11 0.0531740188599
10300 12 0.0570461750031
10400 0 2.14576721191e-06
10400 1 0.0176708698273
10400 2 0.0208168029785
10400 3 0.026880979538
10400 4 0.0259740352631
10400 5 0.0285758972168
10400 6 0.0365037918091
10400 7 0.0471761226654
10400 8 0.0466709136963
10400 9 0.0466930866241
10400 10 0.0501229763031
10400 11 0.0548489093781
10400 12 0.060720205307
10500 0 9.53674316406e-07
10500 1 0.0175688266754
10500 2 0.0188660621643
10500 3 0.0268089771271
10500 4 0.0254092216492
10500 5 0.028580904007
10500 6 0.0359008312225
10500 7 0.0377378463745
10500 8 0.0470280647278
10500 9 0.0522150993347
10500 10 0.0507578849792
10500 11 0.0610558986664
10500 12 0.0586719512939
10600 0 1.90734863281e-06
10600 1 0.0181410312653
10600 2 0.0184860229492
10600 3 0.0208780765533
10600 4 0.0289978981018
10600 5 0.0272808074951
10600 6 0.0323760509491
10600 7 0.0436789989471
10600 8 0.04430103302
10600 9 0.0476789474487
10600 10 0.0517749786377
10600 11 0.0547878742218
10600 12 0.0581378936768
10700 0 3.81469726562e-06
10700 1 0.0171761512756
10700 2 0.0208020210266
10700 3 0.0213530063629
10700 4 0.0263998508453
10700 5 0.0297210216522
10700 6 0.0383729934692
10700 7 0.0426759719849
10700 8 0.0450780391693
10700 9 0.0485019683838
10700 10 0.0529091358185
10700 11 0.0561089515686
10700 12 0.0595791339874
10800 0 2.14576721191e-06
10800 1 0.0169370174408
10800 2 0.0187458992004
10800 3 0.0214629173279
10800 4 0.0258448123932
10800 5 0.0317440032959
10800 6 0.032968044281
10800 7 0.0496208667755
10800 8 0.0642290115356
10800 9 0.0578050613403
10800 10 0.0550229549408
10800 11 0.0578970909119
10800 12 0.0599761009216
10900 0 9.53674316406e-07
10900 1 0.0170748233795
10900 2 0.0191030502319
10900 3 0.0240199565887
10900 4 0.0349948406219
10900 5 0.0369169712067
10900 6 0.050989151001
10900 7 0.069962978363
10900 8 0.0789318084717
10900 9 0.0545430183411
10900 10 0.0546269416809
10900 11 0.0570409297943
10900 12 0.061341047287
11000 0 9.53674316406e-07
11000 1 0.0174920558929
11000 2 0.0192019939423
11000 3 0.0228428840637
11000 4 0.0270400047302
11000 5 0.0393161773682
11000 6 0.0446591377258
11000 7 0.0532138347626
11000 8 0.0558588504791
11000 9 0.0551619529724
11000 10 0.0537910461426
11000 11 0.0591750144958
11000 12 0.0799210071564
11100 0 1.90734863281e-06
11100 1 0.0261101722717
11100 2 0.0394570827484
11100 3 0.0295009613037
11100 4 0.0362510681152
11100 5 0.0423550605774
11100 6 0.0487220287323
11100 7 0.0530531406403
11100 8 0.0660429000854
11100 9 0.0816090106964
11100 10 0.0787580013275
11100 11 0.120186090469
11100 12 0.114286184311
11200 0 1.90734863281e-06
11200 1 0.0308158397675
11200 2 0.0467000007629
11200 3 0.0528168678284
11200 4 0.0616018772125
11200 5 0.0679650306702
11200 6 0.071347951889
11200 7 0.0577239990234
11200 8 0.0532298088074
11200 9 0.0564589500427
11200 10 0.0677750110626
11200 11 0.0647621154785
11200 12 0.0641860961914
11300 0 2.14576721191e-06
11300 1 0.0204129219055
11300 2 0.0234200954437
11300 3 0.0258760452271
11300 4 0.0323429107666
11300 5 0.0381751060486
11300 6 0.0570728778839
11300 7 0.047602891922
11300 8 0.0479681491852
11300 9 0.0518729686737
11300 10 0.0548658370972
11300 11 0.0613281726837
11300 12 0.0650660991669
11400 0 9.53674316406e-07
11400 1 0.0193128585815
11400 2 0.0220189094543
11400 3 0.0333449840546
11400 4 0.0400249958038
11400 5 0.0549330711365
11400 6 0.0591020584106
11400 7 0.0547540187836
11400 8 0.0519030094147
11400 9 0.0553641319275
11400 10 0.0554749965668
11400 11 0.0594520568848
11400 12 0.0639991760254
11500 0 9.53674316406e-07
11500 1 0.018700838089
11500 2 0.0195817947388
11500 3 0.0227620601654
11500 4 0.0273048877716
11500 5 0.0310869216919
11500 6 0.0407910346985
11500 7 0.0475358963013
11500 8 0.0506057739258
11500 9 0.0536730289459
11500 10 0.060690164566
11500 11 0.0638499259949
11500 12 0.0746479034424
11600 0 2.14576721191e-06
11600 1 0.0224750041962
11600 2 0.0242631435394
11600 3 0.0366411209106
11600 4 0.063136100769
11600 5 0.0502679347992
11600 6 0.0469501018524
11600 7 0.0545799732208
11600 8 0.0496270656586
11600 9 0.0529470443726
11600 10 0.0579590797424
11600 11 0.0608699321747
11600 12 0.0840859413147
11700 0 1.90734863281e-06
11700 1 0.0218100547791
11700 2 0.0287399291992
11700 3 0.0335879325867
11700 4 0.0426828861237
11700 5 0.0588448047638
11700 6 0.0450880527496
11700 7 0.0537960529327
11700 8 0.0667231082916
11700 9 0.062821149826
11700 10 0.0726900100708
11700 11 0.0859980583191
11700 12 0.0969898700714
11800 0 1.90734863281e-06
11800 1 0.0324239730835
11800 2 0.0423631668091
11800 3 0.0319819450378
11800 4 0.0439820289612
11800 5 0.0617592334747
11800 6 0.0830199718475
11800 7 0.100811004639
11800 8 0.0743789672852
11800 9 0.0808358192444
11800 10 0.0935130119324
11800 11 0.0697019100189
11800 12 0.0759699344635
11900 0 1.90734863281e-06
11900 1 0.0220549106598
11900 2 0.0237979888916
11900 3 0.0323400497437
11900 4 0.0453650951385
11900 5 0.0420339107513
11900 6 0.0432510375977
11900 7 0.0439450740814
11900 8 0.0570628643036
11900 9 0.0723950862885
11900 10 0.0813770294189
11900 11 0.0964248180389
11900 12 0.1432929039
12000 0 2.86102294922e-06
12000 1 0.0340449810028
12000 2 0.0479710102081
12000 3 0.0423350334167
12000 4 0.0458920001984
12000 5 0.0806379318237
12000 6 0.0803210735321
12000 7 0.0831830501556
12000 8 0.0933108329773
12000 9 0.0760679244995
12000 10 0.109474182129
12000 11 0.113363981247
12000 12 0.0950059890747
12100 0 1.90734863281e-06
12100 1 0.0223650932312
12100 2 0.0325491428375
12100 3 0.0644149780273
12100 4 0.0685169696808
12100 5 0.066085100174
12100 6 0.0498969554901
12100 7 0.0502190589905
12100 8 0.0563359260559
12100 9 0.0644679069519
12100 10 0.0712041854858
12100 11 0.104465961456
12100 12 0.124750137329
12200 0 2.14576721191e-06
12200 1 0.0332179069519
12200 2 0.0260150432587
12200 3 0.030702829361
12200 4 0.0423460006714
12200 5 0.0409770011902
12200 6 0.0563108921051
12200 7 0.0518929958344
12200 8 0.0534110069275
12200 9 0.0570318698883
12200 10 0.0636970996857
12200 11 0.0689799785614
12200 12 0.0835959911346
12300 0 9.53674316406e-07
12300 1 0.0209460258484
12300 2 0.0282678604126
12300 3 0.0340099334717
12300 4 0.0425319671631
12300 5 0.0517160892487
12300 6 0.0798759460449
12300 7 0.0699028968811
12300 8 0.105837106705
12300 9 0.0886318683624
12300 10 0.0680408477783
12300 11 0.069324016571
12300 12 0.123594045639
12400 0 2.14576721191e-06
12400 1 0.0376048088074
12400 2 0.0499651432037
12400 3 0.061998128891
12400 4 0.0411410331726
12400 5 0.0639870166779
12400 6 0.0826680660248
12400 7 0.0623698234558
12400 8 0.0584509372711
12400 9 0.0606129169464
12400 10 0.0724971294403
12400 11 0.0696399211884
12400 12 0.0742061138153
12500 0 1.19209289551e-06
12500 1 0.0234642028809
12500 2 0.0252358913422
12500 3 0.0280458927155
12500 4 0.0291540622711
12500 5 0.0340850353241
12500 6 0.04603099823
12500 7 0.0520398616791
12500 8 0.055419921875
12500 9 0.0596778392792
12500 10 0.0733268260956
12500 11 0.0691039562225
12500 12 0.0704808235168
12600 0 9.53674316406e-07
12600 1 0.0224869251251
12600 2 0.0253970623016
12600 3 0.0272657871246
12600 4 0.0361728668213
12600 5 0.0526430606842
12600 6 0.0455830097198
12600 7 0.046159029007
12600 8 0.0552258491516
12600 9 0.057088136673
12600 10 0.0682060718536
12600 11 0.0656390190125
12600 12 0.0703620910645
12700 0 1.90734863281e-06
12700 1 0.0198040008545
12700 2 0.0215117931366
12700 3 0.0290989875793
12700 4 0.033891916275
12700 5 0.0494477748871
12700 6 0.0448122024536
12700 7 0.0485119819641
12700 8 0.0599100589752
12700 9 0.0568931102753
12700 10 0.0615389347076
12700 11 0.0660510063171
12700 12 0.0830800533295
12800 0 1.90734863281e-06
12800 1 0.0205810070038
12800 2 0.0222818851471
12800 3 0.0267469882965
12800 4 0.0436539649963
12800 5 0.0418219566345
12800 6 0.0505239963531
12800 7 0.0514152050018
12800 8 0.0532569885254
12800 9 0.0586199760437
12800 10 0.0651919841766
12800 11 0.0667090415955
12800 12 0.0729529857635
12900 0 2.14576721191e-06
12900 1 0.0252430438995
12900 2 0.0224370956421
12900 3 0.025053024292
12900 4 0.0433361530304
12900 5 0.0422971248627
12900 6 0.0549049377441
12900 7 0.050812959671
12900 8 0.0542678833008
12900 9 0.0580711364746
12900 10 0.0631399154663
12900 11 0.0724010467529
12900 12 0.0712099075317
13000 0 2.14576721191e-06
13000 1 0.0208740234375
13000 2 0.0230219364166
13000 3 0.0254170894623
13000 4 0.0360918045044
13000 5 0.0444641113281
13000 6 0.0442850589752
13000 7 0.0484080314636
13000 8 0.0540778636932
13000 9 0.0585021972656
13000 10 0.0662360191345
13000 11 0.0677289962769
13000 12 0.0713641643524
13100 0 9.53674316406e-07
13100 1 0.0203340053558
13100 2 0.0223159790039
13100 3 0.025820016861
13100 4 0.0316779613495
13100 5 0.0389490127563
13100 6 0.0487790107727
13100 7 0.0481579303741
13100 8 0.0552010536194
13100 9 0.0612819194794
13100 10 0.0665650367737
13100 11 0.0728499889374
13100 12 0.0760698318481
13200 0 9.53674316406e-07
13200 1 0.0208828449249
13200 2 0.0226230621338
13200 3 0.0254011154175
13200 4 0.0364971160889
13200 5 0.0473849773407
13200 6 0.04611992836
13200 7 0.0486240386963
13200 8 0.0554399490356
13200 9 0.0595409870148
13200 10 0.0650210380554
13200 11 0.0717248916626
13200 12 0.0738430023193
13300 0 2.14576721191e-06
13300 1 0.0214869976044
13300 2 0.0234341621399
13300 3 0.0265779495239
13300 4 0.0389819145203
13300 5 0.0435328483582
13300 6 0.0471141338348
13300 7 0.0519511699677
13300 8 0.0623869895935
13300 9 0.0708959102631
13300 10 0.0697779655457
13300 11 0.0724530220032
13300 12 0.075355052948
13400 0 1.90734863281e-06
13400 1 0.0218758583069
13400 2 0.023567199707
13400 3 0.0287621021271
13400 4 0.0458369255066
13400 5 0.0426099300385
13400 6 0.0448701381683
13400 7 0.0489251613617
13400 8 0.0593998432159
13400 9 0.0604641437531
13400 10 0.0669260025024
13400 11 0.0751330852509
13400 12 0.0749650001526
13500 0 1.19209289551e-06
13500 1 0.0210330486298
13500 2 0.0229091644287
13500 3 0.0266649723053
13500 4 0.0325841903687
13500 5 0.0456390380859
13500 6 0.0481369495392
13500 7 0.0621910095215
13500 8 0.0601332187653
13500 9 0.0701920986176
13500 10 0.0653650760651
13500 11 0.0730860233307
13500 12 0.0756008625031
13600 0 2.14576721191e-06
13600 1 0.0224189758301
13600 2 0.0238780975342
13600 3 0.0268080234528
13600 4 0.0350589752197
13600 5 0.0460391044617
13600 6 0.0450210571289
13600 7 0.0501041412354
13600 8 0.0573928356171
13600 9 0.0673830509186
13600 10 0.0758781433105
13600 11 0.0791118144989
13600 12 0.100879907608
13700 0 2.14576721191e-06
13700 1 0.0234451293945
13700 2 0.0252468585968
13700 3 0.0274708271027
13700 4 0.0451021194458
13700 5 0.0428531169891
13700 6 0.0452251434326
13700 7 0.0496301651001
13700 8 0.0569150447845
13700 9 0.0624039173126
13700 10 0.0738229751587
13700 11 0.0722908973694
13700 12 0.0784850120544
13800 0 1.90734863281e-06
13800 1 0.0211501121521
13800 2 0.0235209465027
13800 3 0.0289812088013
13800 4 0.0391440391541
13800 5 0.049959897995
13800 6 0.0534501075745
13800 7 0.0503408908844
13800 8 0.0574970245361
13800 9 0.0724589824677
13800 10 0.0724279880524
13800 11 0.0717549324036
13800 12 0.0760040283203
13900 0 9.53674316406e-07
13900 1 0.0253050327301
13900 2 0.0242300033569
13900 3 0.0271260738373
13900 4 0.0417449474335
13900 5 0.0520970821381
13900 6 0.0482029914856
13900 7 0.0508210659027
13900 8 0.0571889877319
13900 9 0.0627620220184
13900 10 0.0685122013092
13900 11 0.0754640102386
13900 12 0.0799190998077
14000 0 9.53674316406e-07
14000 1 0.0237641334534
14000 2 0.0341291427612
14000 3 0.0347499847412
14000 4 0.0353701114655
14000 5 0.0437791347504
14000 6 0.0702788829803
14000 7 0.109117031097
14000 8 0.171277046204
14000 9 0.148989200592
14000 10 0.107812166214
14000 11 0.117747068405
14000 12 0.121159076691
14100 0 1.19209289551e-06
14100 1 0.0332119464874
14100 2 0.0440630912781
14100 3 0.0359859466553
14100 4 0.0589039325714
14100 5 0.0651741027832
14100 6 0.109695196152
14100 7 0.132380962372
14100 8 0.169162034988
14100 9 0.176228046417
14100 10 0.166997909546
14100 11 0.164291858673
14100 12 0.169508218765
14200 0 5.00679016113e-06
14200 1 0.0486280918121
14200 2 0.0524549484253
14200 3 0.0686209201813
14200 4 0.109728097916
14200 5 0.142212152481
14200 6 0.127846002579
14200 7 0.16456079483
14200 8 0.154634952545
14200 9 0.160317897797
14200 10 0.17716217041
14200 11 0.19126200676
14200 12 0.187006950378
14300 0 9.05990600586e-06
14300 1 0.0470349788666
14300 2 0.0575978755951
14300 3 0.0648279190063
14300 4 0.0724010467529
14300 5 0.0817048549652
14300 6 0.0958449840546
14300 7 0.113343000412
14300 8 0.139049053192
14300 9 0.155333995819
14300 10 0.174900054932
14300 11 0.185685873032
14300 12 0.198538064957
14400 0 2.86102294922e-06
14400 1 0.0487320423126
14400 2 0.0536661148071
14400 3 0.064003944397
14400 4 0.08087682724
14400 5 0.095468044281
14400 6 0.107082128525
14400 7 0.12505698204
14400 8 0.15443611145
14400 9 0.158315896988
14400 10 0.174973964691
14400 11 0.180736780167
14400 12 0.199826002121
14500 0 3.09944152832e-06
14500 1 0.0467429161072
14500 2 0.0528159141541
14500 3 0.0639500617981
14500 4 0.0866768360138
14500 5 0.1017370224
14500 6 0.114580869675
14500 7 0.126756906509
14500 8 0.149452924728
14500 9 0.167535066605
14500 10 0.168830871582
14500 11 0.183929920197
14500 12 0.203448057175
14600 0 5.96046447754e-06
14600 1 0.0520350933075
14600 2 0.0552411079407
14600 3 0.0647830963135
14600 4 0.0842180252075
14600 5 0.0976889133453
14600 6 0.112023115158
14600 7 0.118880033493
14600 8 0.144342899323
14600 9 0.154664993286
14600 10 0.145087003708
14600 11 0.169599056244
14600 12 0.21141409874
14700 0 4.05311584473e-06
14700 1 0.0521399974823
14700 2 0.0438621044159
14700 3 0.0368249416351
14700 4 0.0727961063385
14700 5 0.0973091125488
14700 6 0.115262031555
14700 7 0.121469020844
14700 8 0.138787984848
14700 9 0.151495933533
14700 10 0.158216953278
14700 11 0.163301944733
14700 12 0.174794197083
14800 0 5.00679016113e-06
14800 1 0.0462071895599
14800 2 0.0503439903259
14800 3 0.0611259937286
14800 4 0.0733709335327
14800 5 0.0753819942474
14800 6 0.103322029114
14800 7 0.125446081161
14800 8 0.133729934692
14800 9 0.148982048035
14800 10 0.156768083572
14800 11 0.166843175888
14800 12 0.159826993942
14900 0 1.90734863281e-06
14900 1 0.0253601074219
14900 2 0.0408887863159
14900 3 0.0488908290863
14900 4 0.0425181388855
14900 5 0.0531840324402
14900 6 0.0458128452301
14900 7 0.0509169101715
14900 8 0.058021068573
14900 9 0.0616321563721
14900 10 0.106088876724
14900 11 0.158049821854
14900 12 0.169686079025
15000 0 6.91413879395e-06
15000 1 0.0476169586182
15000 2 0.060907125473
15000 3 0.0678040981293
15000 4 0.0759170055389
15000 5 0.0900688171387
15000 6 0.09459400177
15000 7 0.0584919452667
15000 8 0.0645079612732
15000 9 0.0703001022339
15000 10 0.249562978745
15000 11 0.261541128159
15000 12 0.196209907532
15100 0 1.90734863281e-06
15100 1 0.0425021648407
15100 2 0.0538759231567
15100 3 0.0543291568756
15100 4 0.073655128479
15100 5 0.0716319084167
15100 6 0.0921890735626
15100 7 0.107773065567
15100 8 0.115835189819
15100 9 0.132134199142
15100 10 0.131027936935
15100 11 0.128702878952
15100 12 0.123201847076
15200 0 2.14576721191e-06
15200 1 0.0308289527893
15200 2 0.0411920547485
15200 3 0.0607299804688
15200 4 0.0701749324799
15200 5 0.0820870399475
15200 6 0.092885017395
15200 7 0.0976498126984
15200 8 0.093190908432
15200 9 0.102136135101
15200 10 0.109150886536
15200 11 0.115997076035
15200 12 0.124666929245
15300 0 3.81469726562e-06
15300 1 0.0348539352417
15300 2 0.0380620956421
15300 3 0.0450789928436
15300 4 0.0605728626251
15300 5 0.067095041275
15300 6 0.073343038559
15300 7 0.0920929908752
15300 8 0.113236188889
15300 9 0.122807979584
15300 10 0.136694908142
15300 11 0.145392894745
15300 12 0.15354180336
15400 0 9.53674316406e-07
15400 1 0.0372018814087
15400 2 0.0477740764618
15400 3 0.0468199253082
15400 4 0.0524599552155
15400 5 0.0634570121765
15400 6 0.0696799755096
15400 7 0.0824010372162
15400 8 0.0960280895233
15400 9 0.0969240665436
15400 10 0.105726957321
15400 11 0.114379882812
15400 12 0.119210958481
15500 0 9.53674316406e-07
15500 1 0.037770986557
15500 2 0.0479371547699
15500 3 0.0596439838409
15500 4 0.0642061233521
15500 5 0.073352098465
15500 6 0.0914618968964
15500 7 0.093199968338
15500 8 0.111726045609
15500 9 0.122344970703
15500 10 0.122860908508
15500 11 0.133974075317
15500 12 0.143822193146
15600 0 3.09944152832e-06
15600 1 0.0359060764313
15600 2 0.0434920787811
15600 3 0.0568280220032
15600 4 0.0676519870758
15600 5 0.0773389339447
15600 6 0.0847129821777
15600 7 0.095890045166
15600 8 0.119020938873
15600 9 0.123356103897
15600 10 0.131456851959
15600 11 0.141638994217
15600 12 0.168392896652
15700 0 2.86102294922e-06
15700 1 0.0362889766693
15700 2 0.0411059856415
15700 3 0.055193901062
15700 4 0.0641229152679
15700 5 0.0730290412903
15700 6 0.0898389816284
15700 7 0.0982458591461
15700 8 0.111377000809
15700 9 0.124345064163
15700 10 0.136334896088
15700 11 0.146954059601
15700 12 0.150320053101
15800 0 3.09944152832e-06
15800 1 0.0357980728149
15800 2 0.0438070297241
15800 3 0.0538318157196
15800 4 0.0645260810852
15800 5 0.0796868801117
15800 6 0.0881597995758
15800 7 0.0989711284637
15800 8 0.115313053131
15800 9 0.123373985291
15800 10 0.116614103317
15800 11 0.123255968094
15800 12 0.121589183807
15900 0 2.14576721191e-06
15900 1 0.032466173172
15900 2 0.0408430099487
15900 3 0.0489799976349
15900 4 0.0566470623016
15900 5 0.0659608840942
15900 6 0.0769891738892
15900 7 0.0790681838989
15900 8 0.0941941738129
15900 9 0.104218006134
15900 10 0.126094102859
15900 11 0.145127058029
15900 12 0.161123991013
16000 0 3.09944152832e-06
16000 1 0.0432569980621
16000 2 0.043135881424
16000 3 0.0559010505676
16000 4 0.0664491653442
16000 5 0.0697028636932
16000 6 0.0792188644409
16000 7 0.0863418579102
16000 8 0.100977182388
16000 9 0.107633829117
16000 10 0.110534906387
16000 11 0.122700214386
16000 12 0.150184869766
16100 0 1.90734863281e-06
16100 1 0.0378739833832
16100 2 0.0455379486084
16100 3 0.0518560409546
16100 4 0.0644519329071
16100 5 0.0763339996338
16100 6 0.0926849842072
16100 7 0.104703187943
16100 8 0.114013910294
16100 9 0.129316806793
16100 10 0.135931968689
16100 11 0.142220973969
16100 12 0.160791873932
16200 0 2.14576721191e-06
16200 1 0.0405271053314
16200 2 0.041629076004
16200 3 0.053524017334
16200 4 0.0644130706787
16200 5 0.0781190395355
16200 6 0.0907361507416
16200 7 0.0960111618042
16200 8 0.118352174759
16200 9 0.129486083984
16200 10 0.142175912857
16200 11 0.157001972198
16200 12 0.18085193634
16300 0 1.31130218506e-05
16300 1 0.0385570526123
16300 2 0.0427739620209
16300 3 0.0562520027161
16300 4 0.065486907959
16300 5 0.0804109573364
16300 6 0.0967559814453
16300 7 0.0964930057526
16300 8 0.107867002487
16300 9 0.116435050964
16300 10 0.118937015533
16300 11 0.141154050827
16300 12 0.14936709404
16400 0 3.09944152832e-06
16400 1 0.0373389720917
16400 2 0.042640209198
16400 3 0.0521769523621
16400 4 0.0572950839996
16400 5 0.0740010738373
16400 6 0.0838570594788
16400 7 0.0876479148865
16400 8 0.110446929932
16400 9 0.116307973862
16400 10 0.117547035217
16400 11 0.124927043915
16400 12 0.156069993973
16500 0 3.09944152832e-06
16500 1 0.0497150421143
16500 2 0.0507678985596
16500 3 0.0574698448181
16500 4 0.0771059989929
16500 5 0.0826938152313
16500 6 0.0959138870239
16500 7 0.103494167328
16500 8 0.12886595726
16500 9 0.148678064346
16500 10 0.152503967285
16500 11 0.152685880661
16500 12 0.137393951416
16600 0 2.14576721191e-06
16600 1 0.039913892746
16600 2 0.0442590713501
16600 3 0.0555160045624
16600 4 0.0575630664825
16600 5 0.0722501277924
16600 6 0.0847589969635
16600 7 0.0869710445404
16600 8 0.0794880390167
16600 9 0.135618925095
16600 10 0.291302919388
16600 11 0.188035011292
16600 12 0.234241008759
16700 0 3.09944152832e-06
16700 1 0.0507431030273
16700 2 0.0672070980072
16700 3 0.0726020336151
16700 4 0.0884649753571
16700 5 0.0834619998932
16700 6 0.134225845337
16700 7 0.149230003357
16700 8 0.169144868851
16700 9 0.185793876648
16700 10 0.187585115433
16700 11 0.219290971756
16700 12 0.232262849808
16800 0 1.90734863281e-06
16800 1 0.051842212677
16800 2 0.06525182724
16800 3 0.0814499855042
16800 4 0.106423854828
16800 5 0.112016916275
16800 6 0.113777160645
16800 7 0.150911092758
16800 8 0.149719953537
16800 9 0.18204498291
16800 10 0.193022966385
16800 11 0.213478803635
16800 12 0.227905035019
16900 0 4.05311584473e-06
16900 1 0.0494329929352
16900 2 0.0449459552765
16900 3 0.0682148933411
16900 4 0.0962541103363
16900 5 0.118360042572
16900 6 0.118199110031
16900 7 0.127903938293
16900 8 0.165750980377
16900 9 0.184470891953
16900 10 0.18963599205
16900 11 0.191490888596
16900 12 0.303458929062
17000 0 4.05311584473e-06
17000 1 0.0689690113068
17000 2 0.0903267860413
17000 3 0.11114192009
17000 4 0.134474039078
17000 5 0.161721944809
17000 6 0.158257007599
17000 7 0.169207811356
17000 8 0.280095100403
17000 9 0.284219026566
17000 10 0.28128194809
17000 11 0.229024887085
17000 12 0.236773967743
17100 0 2.14576721191e-06
17100 1 0.0527069568634
17100 2 0.0658850669861
17100 3 0.0788049697876
17100 4 0.0971848964691
17100 5 0.135404109955
17100 6 0.145689964294
17100 7 0.189027786255
17100 8 0.183202981949
17100 9 0.2130818367
17100 10 0.489435911179
17100 11 0.221504926682
17100 12 0.306627035141
17200 0 7.15255737305e-06
17200 1 0.0779590606689
17200 2 0.0886189937592
17200 3 0.100490808487
17200 4 0.131148099899
17200 5 0.163125991821
17200 6 0.157042980194
17200 7 0.155564785004
17200 8 0.204548835754
17200 9 0.193802833557
17200 10 0.294033050537
17200 11 0.369443893433
17200 12 0.362972021103
17300 0 4.05311584473e-06
17300 1 0.0808279514313
17300 2 0.0986499786377
17300 3 0.104923963547
17300 4 0.132115125656
17300 5 0.159310817719
17300 6 0.170446872711
17300 7 0.211111068726
17300 8 0.18390083313
17300 9 0.229412078857
17300 10 0.216307878494
17300 11 0.263820886612
17300 12 0.248142004013
17400 0 9.05990600586e-06
17400 1 0.0533180236816
17400 2 0.0591831207275
17400 3 0.0748519897461
17400 4 0.101226091385
17400 5 0.134343147278
17400 6 0.147722959518
17400 7 0.167030096054
17400 8 0.193970918655
17400 9 0.215421915054
17400 10 0.215049028397
17400 11 0.232856988907
17400 12 0.248229980469
17500 0 2.14576721191e-06
17500 1 0.0523731708527
17500 2 0.063915014267
17500 3 0.0755770206451
17500 4 0.0972259044647
17500 5 0.11547088623
17500 6 0.139184951782
17500 7 0.151345014572
17500 8 0.165988922119
17500 9 0.18221616745
17500 10 0.199200153351
17500 11 0.216982841492
17500 12 0.227206945419
17600 0 3.09944152832e-06
17600 1 0.0572710037231
17600 2 0.0689408779144
17600 3 0.0743038654327
17600 4 0.093092918396
17600 5 0.107811927795
17600 6 0.127856016159
17600 7 0.131152868271
17600 8 0.151964902878
17600 9 0.185430049896
17600 10 0.199631929398
17600 11 0.217339992523
17600 12 0.22940993309
17700 0 6.91413879395e-06
17700 1 0.0527548789978
17700 2 0.0640821456909
17700 3 0.0772650241852
17700 4 0.100571870804
17700 5 0.12255191803
17700 6 0.134740114212
17700 7 0.147862911224
17700 8 0.164383888245
17700 9 0.183024168015
17700 10 0.198664903641
17700 11 0.214647054672
17700 12 0.222173213959
17800 0 2.14576721191e-06
17800 1 0.0568590164185
17800 2 0.0684340000153
17800 3 0.0741059780121
17800 4 0.10107088089
17800 5 0.117693901062
17800 6 0.141268968582
17800 7 0.147882938385
17800 8 0.167968988419
17800 9 0.168194055557
17800 10 0.193341970444
17800 11 0.207613945007
17800 12 0.215850114822
17900 0 5.00679016113e-06
17900 1 0.0479249954224
17900 2 0.0623359680176
17900 3 0.0762140750885
17900 4 0.0931599140167
17900 5 0.103642940521
17900 6 0.115833044052
17900 7 0.13788819313
17900 8 0.151876926422
17900 9 0.167322874069
17900 10 0.174597024918
17900 11 0.190001964569
17900 12 0.209211111069
18000 0 1.90734863281e-06
18000 1 0.0472609996796
18000 2 0.0580811500549
18000 3 0.0734939575195
18000 4 0.0857398509979
18000 5 0.11323094368
18000 6 0.120769023895
18000 7 0.149644851685
18000 8 0.18168592453
18000 9 0.183618783951
18000 10 0.186546087265
18000 11 0.18928194046
18000 12 0.20769906044
18100 0 3.09944152832e-06
18100 1 0.0598289966583
18100 2 0.0681550502777
18100 3 0.0836839675903
18100 4 0.105895996094
18100 5 0.114516973495
18100 6 0.132623910904
18100 7 0.14639210701
18100 8 0.180975198746
18100 9 0.189401865005
18100 10 0.195517063141
18100 11 0.215219974518
18100 12 0.248449087143
18200 0 2.86102294922e-06
18200 1 0.0548508167267
18200 2 0.0642819404602
18200 3 0.0747969150543
18200 4 0.123436927795
18200 5 0.118587017059
18200 6 0.131054878235
18200 7 0.146901845932
18200 8 0.165388822556
18200 9 0.187134027481
18200 10 0.212781190872
18200 11 0.226676940918
18200 12 0.247159004211
18300 0 5.96046447754e-06
18300 1 0.0617001056671
18300 2 0.0764241218567
18300 3 0.0873630046844
18300 4 0.0948739051819
18300 5 0.114160060883
18300 6 0.134744882584
18300 7 0.136281967163
18300 8 0.160370826721
18300 9 0.186675071716
18300 10 0.199536085129
18300 11 0.216136932373
18300 12 0.235556125641
18400 0 1.90734863281e-06
18400 1 0.0622720718384
18400 2 0.0656001567841
18400 3 0.0808448791504
18400 4 0.104984045029
18400 5 0.115671873093
18400 6 0.130290985107
18400 7 0.150727987289
18400 8 0.170105934143
18400 9 0.193672180176
18400 10 0.215729951859
18400 11 0.233069181442
18400 12 0.249996900558
18500 0 2.86102294922e-06
18500 1 0.0538718700409
18500 2 0.0651700496674
18500 3 0.0819108486176
18500 4 0.0901629924774
18500 5 0.105685949326
18500 6 0.116822957993
18500 7 0.134604930878
18500 8 0.162873029709
18500 9 0.179404020309
18500 10 0.200094938278
18500 11 0.218865871429
18500 12 0.248891830444
18600 0 2.86102294922e-06
18600 1 0.0597379207611
18600 2 0.0711050033569
18600 3 0.075012922287
18600 4 0.10676908493
18600 5 0.124480962753
18600 6 0.145881891251
18600 7 0.156960010529
18600 8 0.182271003723
18600 9 0.205460071564
18600 10 0.215647935867
18600 11 0.220098972321
18600 12 0.245374202728
18700 0 3.09944152832e-06
18700 1 0.0602669715881
18700 2 0.0718338489532
18700 3 0.0821809768677
18700 4 0.10496711731
18700 5 0.119424819946
18700 6 0.141827106476
18700 7 0.149034976959
18700 8 0.16664981842
18700 9 0.183964967728
18700 10 0.212960958481
18700 11 0.219703912735
18700 12 0.262922048569
18800 0 1.90734863281e-06
18800 1 0.0633339881897
18800 2 0.0662989616394
18800 3 0.0814728736877
18800 4 0.106254816055
18800 5 0.128530025482
18800 6 0.134664058685
18800 7 0.15248799324
18800 8 0.187856912613
18800 9 0.20424413681
18800 10 0.214811086655
18800 11 0.232495069504
18800 12 0.251759052277
18900 0 5.96046447754e-06
18900 1 0.0653808116913
18900 2 0.0705399513245
18900 3 0.0857770442963
18900 4 0.11240196228
18900 5 0.126029014587
18900 6 0.137321949005
18900 7 0.159411907196
18900 8 0.188037872314
18900 9 0.19785785675
18900 10 0.225246906281
18900 11 0.239874839783
18900 12 0.24933719635
19000 0 2.86102294922e-06
19000 1 0.0609080791473
19000 2 0.0698380470276
19000 3 0.090723991394
19000 4 0.120154857635
19000 5 0.126546859741
19000 6 0.149708032608
19000 7 0.16304397583
19000 8 0.191251993179
19000 9 0.204210042953
19000 10 0.216156005859
19000 11 0.232969999313
19000 12 0.257166862488
19100 0 7.15255737305e-06
19100 1 0.0609750747681
19100 2 0.0766890048981
19100 3 0.0897469520569
19100 4 0.109709024429
19100 5 0.133205890656
19100 6 0.14875292778
19100 7 0.155319929123
19100 8 0.192491054535
19100 9 0.201872110367
19100 10 0.200078010559
19100 11 0.206763982773
19100 12 0.213074922562
19200 0 4.05311584473e-06
19200 1 0.0569591522217
19200 2 0.0541548728943
19200 3 0.0801758766174
19200 4 0.0986161231995
19200 5 0.109914064407
19200 6 0.121599912643
19200 7 0.154455900192
19200 8 0.181585073471
19200 9 0.199294090271
19200 10 0.216212034225
19200 11 0.232483863831
19200 12 0.229732990265
19300 0 2.86102294922e-06
19300 1 0.050393819809
19300 2 0.0601508617401
19300 3 0.079549074173
19300 4 0.0927197933197
19300 5 0.111299991608
19300 6 0.132076025009
19300 7 0.150028944016
19300 8 0.175220012665
19300 9 0.189795017242
19300 10 0.221392154694
19300 11 0.22457909584
19300 12 0.221946001053
19400 0 2.86102294922e-06
19400 1 0.0629990100861
19400 2 0.0686411857605
19400 3 0.0884399414062
19400 4 0.115624189377
19400 5 0.122553110123
19400 6 0.142967939377
19400 7 0.16489815712
19400 8 0.197075128555
19400 9 0.197886943817
19400 10 0.21631193161
19400 11 0.2290558815
19400 12 0.2308781147
19500 0 2.86102294922e-06
19500 1 0.0575249195099
19500 2 0.0750489234924
19500 3 0.0839269161224
19500 4 0.112752199173
19500 5 0.127507925034
19500 6 0.152302026749
19500 7 0.167379140854
19500 8 0.190280914307
19500 9 0.213768959045
19500 10 0.218363046646
19500 11 0.223450183868
19500 12 0.234850883484
19600 0 2.86102294922e-06
19600 1 0.0569970607758
19600 2 0.072741985321
19600 3 0.0820651054382
19600 4 0.0935499668121
19600 5 0.129463911057
19600 6 0.151773929596
19600 7 0.16632604599
19600 8 0.185770988464
19600 9 0.211796045303
19600 10 0.222434997559
19600 11 0.225805044174
19600 12 0.250012874603
19700 0 2.14576721191e-06
19700 1 0.0636720657349
19700 2 0.0705690383911
19700 3 0.0944101810455
19700 4 0.114431142807
19700 5 0.136120080948
19700 6 0.148988962173
19700 7 0.165736913681
19700 8 0.200225114822
19700 9 0.21734380722
19700 10 0.221013069153
19700 11 0.247153997421
19700 12 0.263743877411
19800 0 1.90734863281e-06
19800 1 0.0597670078278
19800 2 0.0734150409698
19800 3 0.0930500030518
19800 4 0.115730047226
19800 5 0.139387845993
19800 6 0.151906013489
19800 7 0.177824020386
19800 8 0.195884943008
19800 9 0.220179080963
19800 10 0.233049869537
19800 11 0.250101804733
19800 12 0.247675895691
19900 0 4.05311584473e-06
19900 1 0.0580470561981
19900 2 0.0714550018311
19900 3 0.0856070518494
19900 4 0.107821941376
19900 5 0.136761188507
19900 6 0.155511856079
19900 7 0.173712015152
19900 8 0.194308996201
19900 9 0.216089963913
19900 10 0.222974061966
19900 11 0.245750904083
19900 12 0.25274515152
20000 0 3.09944152832e-06
20000 1 0.0691659450531
20000 2 0.0775809288025
20000 3 0.0964550971985
20000 4 0.113487958908
20000 5 0.138887882233
20000 6 0.152516126633
20000 7 0.162667989731
20000 8 0.197726964951
20000 9 0.217838048935
20000 10 0.235545873642
20000 11 0.253041982651
20000 12 0.2616751194
20100 0 2.86102294922e-06
20100 1 0.0655040740967
20100 2 0.0816218852997
20100 3 0.0922570228577
20100 4 0.117712020874
20100 5 0.12806892395
20100 6 0.129120111465
20100 7 0.175164937973
20100 8 0.104086875916
20100 9 0.103241920471
20100 10 0.0999460220337
20100 11 0.109157085419
20100 12 0.113162994385
20200 0 1.19209289551e-06
20200 1 0.0384900569916
20200 2 0.0541961193085
20200 3 0.0559480190277
20200 4 0.0629639625549
20200 5 0.0719480514526
20200 6 0.0775148868561
20200 7 0.0925281047821
20200 8 0.166398048401
20200 9 0.119729995728
20200 10 0.0992279052734
20200 11 0.106158971786
20200 12 0.122317075729
20300 0 1.90734863281e-06
20300 1 0.0353360176086
20300 2 0.0528361797333
20300 3 0.0535759925842
20300 4 0.0599460601807
20300 5 0.0677871704102
20300 6 0.0711619853973
20300 7 0.0909929275513
20300 8 0.102172136307
20300 9 0.104119062424
20300 10 0.109838962555
20300 11 0.120234012604
20300 12 0.127809047699
20400 0 9.53674316406e-07
20400 1 0.0344641208649
20400 2 0.0533590316772
20400 3 0.0533790588379
20400 4 0.0649638175964
20400 5 0.0642449855804
20400 6 0.082200050354
20400 7 0.0931880474091
20400 8 0.0975379943848
20400 9 0.101624965668
20400 10 0.107141017914
20400 11 0.118032932281
20400 12 0.126600980759
20500 0 2.14576721191e-06
20500 1 0.0377650260925
20500 2 0.0542690753937
20500 3 0.0564031600952
20500 4 0.0696880817413
20500 5 0.0632529258728
20500 6 0.0843498706818
20500 7 0.086608171463
20500 8 0.099112033844
20500 9 0.103825092316
20500 10 0.108515024185
20500 11 0.122596979141
20500 12 0.126322031021
20600 0 9.53674316406e-07
20600 1 0.0373139381409
20600 2 0.0495569705963
20600 3 0.0572319030762
20600 4 0.0718529224396
20600 5 0.0762851238251
20600 6 0.071182012558
20600 7 0.0898420810699
20600 8 0.103674173355
20600 9 0.105783939362
20600 10 0.1182949543
20600 11 0.11011505127
20600 12 0.113434791565
20700 0 9.53674316406e-07
20700 1 0.0405490398407
20700 2 0.0441510677338
20700 3 0.06001496315
20700 4 0.065113067627
20700 5 0.0731680393219
20700 6 0.0732188224792
20700 7 0.0935981273651
20700 8 0.120845079422
20700 9 0.113705158234
20700 10 0.105396032333
20700 11 0.10827088356
20700 12 0.113373041153
20800 0 1.90734863281e-06
20800 1 0.0363941192627
20800 2 0.0472319126129
20800 3 0.0570058822632
20800 4 0.0719640254974
20800 5 0.0731909275055
20800 6 0.0754299163818
20800 7 0.0937919616699
20800 8 0.110476970673
20800 9 0.106733083725
20800 10 0.105909824371
20800 11 0.108167171478
20800 12 0.114836931229
20900 0 1.90734863281e-06
20900 1 0.0375800132751
20900 2 0.051332950592
20900 3 0.0534000396729
20900 4 0.0606110095978
20900 5 0.0671939849854
20900 6 0.0828230381012
20900 7 0.090234041214
20900 8 0.103030920029
20900 9 0.105192184448
20900 10 0.114969968796
20900 11 0.129745960236
20900 12 0.112534046173
21000 0 9.53674316406e-07
21000 1 0.036908864975
21000 2 0.040981054306
21000 3 0.0611429214478
21000 4 0.0782310962677
21000 5 0.0738930702209
21000 6 0.0749959945679
21000 7 0.101845979691
21000 8 0.101846933365
21000 9 0.110119819641
21000 10 0.102344989777
21000 11 0.107540130615
21000 12 0.113610982895
21100 0 9.53674316406e-07
21100 1 0.0373840332031
21100 2 0.0542798042297
21100 3 0.0613040924072
21100 4 0.0724709033966
21100 5 0.0747511386871
21100 6 0.0728418827057
21100 7 0.0795521736145
21100 8 0.100994110107
21100 9 0.109383106232
21100 10 0.12037396431
21100 11 0.110873937607
21100 12 0.117583036423
21200 0 9.53674316406e-07
21200 1 0.0379951000214
21200 2 0.0588319301605
21200 3 0.0633280277252
21200 4 0.0736520290375
21200 5 0.0745120048523
21200 6 0.0729398727417
21200 7 0.0808799266815
21200 8 0.105642080307
21200 9 0.109709978104
21200 10 0.104889154434
21200 11 0.111815929413
21200 12 0.111910104752
21300 0 9.53674316406e-07
21300 1 0.0387539863586
21300 2 0.0555131435394
21300 3 0.0586988925934
21300 4 0.0605680942535
21300 5 0.0722410678864
21300 6 0.0976669788361
21300 7 0.0809109210968
21300 8 0.102393865585
21300 9 0.109727859497
21300 10 0.105699062347
21300 11 0.122582197189
21300 12 0.118987083435
21400 0 9.53674316406e-07
21400 1 0.0371367931366
21400 2 0.0464119911194
21400 3 0.0578019618988
21400 4 0.0721030235291
21400 5 0.0728139877319
21400 6 0.07772397995
21400 7 0.0966560840607
21400 8 0.10817694664
21400 9 0.115242958069
21400 10 0.110790967941
21400 11 0.11269402504
21400 12 0.121644973755
21500 0 1.90734863281e-06
21500 1 0.041023015976
21500 2 0.0570769309998
21500 3 0.0603520870209
21500 4 0.0705561637878
21500 5 0.0744259357452
21500 6 0.0735070705414
21500 7 0.0842568874359
21500 8 0.108331918716
21500 9 0.0996179580688
21500 10 0.10608792305
21500 11 0.115864992142
21500 12 0.121973991394
21600 0 9.53674316406e-07
21600 1 0.0388300418854
21600 2 0.0584278106689
21600 3 0.0559439659119
21600 4 0.0761020183563
21600 5 0.0745890140533
21600 6 0.0745329856873
21600 7 0.0830459594727
21600 8 0.107684135437
21600 9 0.111887931824
21600 10 0.106699943542
21600 11 0.110042095184
21600 12 0.114546060562
21700 0 1.90734863281e-06
21700 1 0.0380609035492
21700 2 0.0464890003204
21700 3 0.0613961219788
21700 4 0.0734519958496
21700 5 0.0765378475189
21700 6 0.0921580791473
21700 7 0.0911240577698
21700 8 0.0932059288025
21700 9 0.0996799468994
21700 10 0.116450071335
21700 11 0.11040687561
21700 12 0.115492105484
21800 0 1.90734863281e-06
21800 1 0.0409219264984
21800 2 0.0561699867249
21800 3 0.0579769611359
21800 4 0.0638961791992
21800 5 0.0889539718628
21800 6 0.0771789550781
21800 7 0.0807998180389
21800 8 0.106387853622
21800 9 0.0997459888458
21800 10 0.10573887825
21800 11 0.11344909668
21800 12 0.120329856873
21900 0 9.53674316406e-07
21900 1 0.0394680500031
21900 2 0.0617380142212
21900 3 0.0608739852905
21900 4 0.0713059902191
21900 5 0.0736501216888
21900 6 0.076963186264
21900 7 0.0818719863892
21900 8 0.107096195221
21900 9 0.101720094681
21900 10 0.111237049103
21900 11 0.112794160843
21900 12 0.113615036011
22000 0 9.53674316406e-07
22000 1 0.0390260219574
22000 2 0.062655210495
22000 3 0.0599679946899
22000 4 0.0722169876099
22000 5 0.0765950679779
22000 6 0.0797719955444
22000 7 0.082239151001
22000 8 0.0928161144257
22000 9 0.111498832703
22000 10 0.107560157776
22000 11 0.112236022949
22000 12 0.132048130035
22100 0 2.14576721191e-06
22100 1 0.0383930206299
22100 2 0.059287071228
22100 3 0.0602190494537
22100 4 0.0758221149445
22100 5 0.0740849971771
22100 6 0.077269077301
22100 7 0.0826690196991
22100 8 0.106276035309
22100 9 0.102653980255
22100 10 0.109863042831
22100 11 0.115953922272
22100 12 0.120404005051
22200 0 2.14576721191e-06
22200 1 0.0384621620178
22200 2 0.0610501766205
22200 3 0.057657957077
22200 4 0.0725290775299
22200 5 0.0729818344116
22200 6 0.0771279335022
22200 7 0.093456029892
22200 8 0.0964171886444
22200 9 0.118570804596
22200 10 0.104071855545
22200 11 0.1106569767
22200 12 0.120323181152
22300 0 2.14576721191e-06
22300 1 0.0418429374695
22300 2 0.062059879303
22300 3 0.0620429515839
22300 4 0.0764191150665
22300 5 0.0844049453735
22300 6 0.082484960556
22300 7 0.0847058296204
22300 8 0.0942180156708
22300 9 0.102030992508
22300 10 0.111972808838
22300 11 0.115250110626
22300 12 0.118081092834
22400 0 1.19209289551e-06
22400 1 0.0395979881287
22400 2 0.0505709648132
22400 3 0.0671582221985
22400 4 0.0726590156555
22400 5 0.0730361938477
22400 6 0.0766279697418
22400 7 0.0832679271698
22400 8 0.108789205551
22400 9 0.116985797882
22400 10 0.10716509819
22400 11 0.112043857574
22400 12 0.120107889175
22500 0 9.53674316406e-07
22500 1 0.0392379760742
22500 2 0.0631539821625
22500 3 0.0576279163361
22500 4 0.0742170810699
22500 5 0.0757138729095
22500 6 0.0759088993073
22500 7 0.0855259895325
22500 8 0.0990869998932
22500 9 0.120668888092
22500 10 0.107203960419
22500 11 0.116909980774
22500 12 0.120497941971
22600 0 1.19209289551e-06
22600 1 0.0397751331329
22600 2 0.0648128986359
22600 3 0.0608410835266
22600 4 0.0805370807648
22600 5 0.0869719982147
22600 6 0.0816049575806
22600 7 0.0897791385651
22600 8 0.0996160507202
22600 9 0.145778894424
22600 10 0.131237983704
22600 11 0.117369890213
22600 12 0.121001005173
22700 0 1.19209289551e-06
22700 1 0.0400450229645
22700 2 0.0585370063782
22700 3 0.0653882026672
22700 4 0.0729839801788
22700 5 0.0762228965759
22700 6 0.0876061916351
22700 7 0.0862560272217
22700 8 0.0978379249573
22700 9 0.103014945984
22700 10 0.108877182007
22700 11 0.11359000206
22700 12 0.122811079025
22800 0 9.53674316406e-07
22800 1 0.0405490398407
22800 2 0.0577640533447
22800 3 0.0648679733276
22800 4 0.0760140419006
22800 5 0.0831069946289
22800 6 0.139679193497
22800 7 0.110332012177
22800 8 0.0952451229095
22800 9 0.117838144302
22800 10 0.112544059753
22800 11 0.120338916779
22800 12 0.124497890472
22900 0 1.19209289551e-06
22900 1 0.0396778583527
22900 2 0.066734790802
22900 3 0.0618360042572
22900 4 0.074334859848
22900 5 0.081386089325
22900 6 0.0894169807434
22900 7 0.143172025681
22900 8 0.113140821457
22900 9 0.118953943253
22900 10 0.109842061996
22900 11 0.114372968674
22900 12 0.12174987793
23000 0 9.53674316406e-07
23000 1 0.040764093399
23000 2 0.0638539791107
23000 3 0.0966930389404
23000 4 0.0985770225525
23000 5 0.0774438381195
23000 6 0.0802369117737
23000 7 0.0973908901215
23000 8 0.111573934555
23000 9 0.118283033371
23000 10 0.113883018494
23000 11 0.117107868195
23000 12 0.126428842545
23100 0 9.53674316406e-07
23100 1 0.0389862060547
23100 2 0.0592749118805
23100 3 0.0690519809723
23100 4 0.0799651145935
23100 5 0.0818409919739
23100 6 0.082995891571
23100 7 0.0906879901886
23100 8 0.179377794266
23100 9 0.110331058502
23100 10 0.106698989868
23100 11 0.110697984695
23100 12 0.127368927002
23200 0 2.14576721191e-06
23200 1 0.0402071475983
23200 2 0.0593111515045
23200 3 0.09206199646
23200 4 0.0988500118256
23200 5 0.0764849185944
23200 6 0.0898199081421
23200 7 0.0991930961609
23200 8 0.114039897919
23200 9 0.10702419281
23200 10 0.110170841217
23200 11 0.117259025574
23200 12 0.123807191849
23300 0 2.00271606445e-05
23300 1 0.0415759086609
23300 2 0.0580348968506
23300 3 0.0895550251007
23300 4 0.111729860306
23300 5 0.136842012405
23300 6 0.167582988739
23300 7 0.096312046051
23300 8 0.0969970226288
23300 9 0.101933956146
23300 10 0.110474824905
23300 11 0.119835138321
23300 12 0.12801194191
23400 0 9.53674316406e-07
23400 1 0.0409188270569
23400 2 0.0593678951263
23400 3 0.0941209793091
23400 4 0.10519194603
23400 5 0.0823380947113
23400 6 0.0826489925385
23400 7 0.103077888489
23400 8 0.124763011932
23400 9 0.106523990631
23400 10 0.110139131546
23400 11 0.121225118637
23400 12 0.128118991852
23500 0 9.53674316406e-07
23500 1 0.0428371429443
23500 2 0.0538289546967
23500 3 0.0578291416168
23500 4 0.0760700702667
23500 5 0.078241109848
23500 6 0.0793521404266
23500 7 0.0896830558777
23500 8 0.0995829105377
23500 9 0.104917049408
23500 10 0.129057884216
23500 11 0.118057012558
23500 12 0.124612092972
23600 0 9.53674316406e-07
23600 1 0.040433883667
23600 2 0.0755100250244
23600 3 0.0725018978119
23600 4 0.0807418823242
23600 5 0.0731129646301
23600 6 0.0879220962524
23600 7 0.0978858470917
23600 8 0.108003139496
23600 9 0.116458892822
23600 10 0.129748106003
23600 11 0.122461080551
23600 12 0.127713918686
23700 0 1.90734863281e-06
23700 1 0.0411491394043
23700 2 0.0575098991394
23700 3 0.0636649131775
23700 4 0.0822129249573
23700 5 0.0800518989563
23700 6 0.0906322002411
23700 7 0.0967309474945
23700 8 0.135227203369
23700 9 0.13559794426
23700 10 0.112749814987
23700 11 0.114849090576
23700 12 0.126899003983
23800 0 9.53674316406e-07
23800 1 0.0412979125977
23800 2 0.0539309978485
23800 3 0.0583920478821
23800 4 0.0739831924438
23800 5 0.0787029266357
23800 6 0.0805189609528
23800 7 0.0894739627838
23800 8 0.0999109745026
23800 9 0.109886884689
23800 10 0.11082482338
23800 11 0.136605978012
23800 12 0.128469944
23900 0 9.53674316406e-07
23900 1 0.0424189567566
23900 2 0.0597009658813
23900 3 0.0659217834473
23900 4 0.0868239402771
23900 5 0.100151062012
23900 6 0.104928016663
23900 7 0.101450204849
23900 8 0.119561910629
23900 9 0.109533071518
23900 10 0.115896940231
23900 11 0.124839067459
23900 12 0.129590034485
24000 0 9.53674316406e-07
24000 1 0.042307138443
24000 2 0.0535109043121
24000 3 0.0584011077881
24000 4 0.0756959915161
24000 5 0.0770621299744
24000 6 0.0806331634521
24000 7 0.0908749103546
24000 8 0.105029821396
24000 9 0.112369775772
24000 10 0.109215021133
24000 11 0.119712114334
24000 12 0.129427909851
24100 0 2.14576721191e-06
24100 1 0.0445880889893
24100 2 0.0522201061249
24100 3 0.0594029426575
24100 4 0.0738120079041
24100 5 0.0780081748962
24100 6 0.0831761360168
24100 7 0.0905389785767
24100 8 0.102284908295
24100 9 0.112278938293
24100 10 0.112794876099
24100 11 0.120585918427
24100 12 0.130198001862
24200 0 9.53674316406e-07
24200 1 0.0414640903473
24200 2 0.0672218799591
24200 3 0.061311006546
24200 4 0.0661039352417
24200 5 0.0732560157776
24200 6 0.0840969085693
24200 7 0.090430021286
24200 8 0.103091001511
24200 9 0.10972905159
24200 10 0.113344907761
24200 11 0.12214422226
24200 12 0.144264936447
24300 0 1.90734863281e-06
24300 1 0.04114985466
24300 2 0.0551190376282
24300 3 0.0581161975861
24300 4 0.0755279064178
24300 5 0.0806150436401
24300 6 0.0841801166534
24300 7 0.0920259952545
24300 8 0.102832794189
24300 9 0.108568191528
24300 10 0.112783193588
24300 11 0.124253988266
24300 12 0.129642009735
24400 0 9.53674316406e-07
24400 1 0.0425989627838
24400 2 0.0507779121399
24400 3 0.0697691440582
24400 4 0.0787439346313
24400 5 0.0831589698792
24400 6 0.0901041030884
24400 7 0.11346912384
24400 8 0.13149189949
24400 9 0.133329868317
24400 10 0.119441986084
24400 11 0.126192808151
24400 12 0.129513978958
24500 0 1.90734863281e-06
24500 1 0.0433571338654
24500 2 0.05113697052
24500 3 0.0645949840546
24500 4 0.0784840583801
24500 5 0.0782201290131
24500 6 0.0897090435028
24500 7 0.101666927338
24500 8 0.104939937592
24500 9 0.117946147919
24500 10 0.13000702858
24500 11 0.138873100281
24500 12 0.131130933762
24600 0 9.53674316406e-07
24600 1 0.0499360561371
24600 2 0.0575919151306
24600 3 0.0606110095978
24600 4 0.070808172226
24600 5 0.0820710659027
24600 6 0.110345125198
24600 7 0.102686882019
24600 8 0.118880033493
24600 9 0.125236034393
24600 10 0.118016004562
24600 11 0.120882987976
24600 12 0.132776975632
24700 0 1.90734863281e-06
24700 1 0.0420670509338
24700 2 0.053848028183
24700 3 0.0643270015717
24700 4 0.0777730941772
24700 5 0.087751865387
24700 6 0.0934851169586
24700 7 0.107004880905
24700 8 0.138817071915
24700 9 0.127115011215
24700 10 0.115509986877
24700 11 0.124554872513
24700 12 0.13442492485
24800 0 2.14576721191e-06
24800 1 0.044399023056
24800 2 0.0530519485474
24800 3 0.0608150959015
24800 4 0.0790719985962
24800 5 0.0898149013519
24800 6 0.11278796196
24800 7 0.107398033142
24800 8 0.120323896408
24800 9 0.129192829132
24800 10 0.117036104202
24800 11 0.122174978256
24800 12 0.131457090378
24900 0 1.90734863281e-06
24900 1 0.0440487861633
24900 2 0.0503001213074
24900 3 0.0642077922821
24900 4 0.0797140598297
24900 5 0.0855190753937
24900 6 0.107644081116
24900 7 0.100865125656
24900 8 0.11866402626
24900 9 0.125782966614
24900 10 0.117749929428
24900 11 0.124848127365
24900 12 0.147399902344
25000 0 1.90734863281e-06
25000 1 0.0421659946442
25000 2 0.0619261264801
25000 3 0.0656728744507
25000 4 0.0756678581238
25000 5 0.0974009037018
25000 6 0.0972111225128
25000 7 0.108961105347
25000 8 0.117624044418
25000 9 0.126579046249
25000 10 0.137094974518
25000 11 0.125102996826
25000 12 0.128921031952
25100 0 9.53674316406e-07
25100 1 0.0427949428558
25100 2 0.0627210140228
25100 3 0.0709190368652
25100 4 0.0685520172119
25100 5 0.0851440429688
25100 6 0.0938379764557
25100 7 0.115043878555
25100 8 0.129939079285
25100 9 0.127104043961
25100 10 0.114022016525
25100 11 0.12814617157
25100 12 0.134109020233
25200 0 2.14576721191e-06
25200 1 0.0465168952942
25200 2 0.0595998764038
25200 3 0.0607011318207
25200 4 0.0785241127014
25200 5 0.0846340656281
25200 6 0.099062204361
25200 7 0.104472160339
25200 8 0.115352153778
25200 9 0.128260135651
25200 10 0.12260389328
25200 11 0.121798992157
25200 12 0.132683038712
25300 0 1.19209289551e-06
25300 1 0.044734954834
25300 2 0.0569150447845
25300 3 0.0631320476532
25300 4 0.0841288566589
25300 5 0.087525844574
25300 6 0.102401018143
25300 7 0.107226133347
25300 8 0.119178056717
25300 9 0.132500886917
25300 10 0.121033906937
25300 11 0.12685918808
25300 12 0.137797117233
25400 0 9.53674316406e-07
25400 1 0.0443239212036
25400 2 0.054181098938
25400 3 0.0633900165558
25400 4 0.0824580192566
25400 5 0.0935070514679
25400 6 0.0999181270599
25400 7 0.111835956573
25400 8 0.131139039993
25400 9 0.113242149353
25400 10 0.119131088257
25400 11 0.130465984344
25400 12 0.131269931793
25500 0 1.19209289551e-06
25500 1 0.0460069179535
25500 2 0.0554649829865
25500 3 0.0649259090424
25500 4 0.0830049514771
25500 5 0.0908689498901
25500 6 0.0992498397827
25500 7 0.109711885452
25500 8 0.118939876556
25500 9 0.128839015961
25500 10 0.114201068878
25500 11 0.128768205643
25500 12 0.135262966156
25600 0 1.19209289551e-06
25600 1 0.0466959476471
25600 2 0.0579841136932
25600 3 0.0640940666199
25600 4 0.0821151733398
25600 5 0.0918900966644
25600 6 0.0992300510406
25600 7 0.10679602623
25600 8 0.122194051743
25600 9 0.115823030472
25600 10 0.136568069458
25600 11 0.130095005035
25600 12 0.137547016144
25700 0 9.53674316406e-07
25700 1 0.0449140071869
25700 2 0.0598361492157
25700 3 0.0650999546051
25700 4 0.0848331451416
25700 5 0.0925137996674
25700 6 0.104199886322
25700 7 0.11095905304
25700 8 0.123107910156
25700 9 0.112679004669
25700 10 0.117182970047
25700 11 0.127309083939
25700 12 0.139735937119
25800 0 1.19209289551e-06
25800 1 0.0461759567261
25800 2 0.0619158744812
25800 3 0.0649299621582
25800 4 0.0741448402405
25800 5 0.0904018878937
25800 6 0.102033853531
25800 7 0.112365007401
25800 8 0.124994039536
25800 9 0.117605924606
25800 10 0.117206096649
25800 11 0.131186008453
25800 12 0.13979101181
25900 0 9.53674316406e-07
25900 1 0.0452580451965
25900 2 0.056499004364
25900 3 0.06258893013
25900 4 0.0795209407806
25900 5 0.0878398418427
25900 6 0.101696014404
25900 7 0.108411073685
25900 8 0.122809886932
25900 9 0.134003162384
25900 10 0.116307020187
25900 11 0.128990888596
25900 12 0.140803098679
26000 0 2.14576721191e-06
26000 1 0.0434000492096
26000 2 0.0896129608154
26000 3 0.0986309051514
26000 4 0.0927948951721
26000 5 0.161967992783
26000 6 0.103861093521
26000 7 0.097060918808
26000 8 0.114254951477
26000 9 0.128015995026
26000 10 0.125994920731
26000 11 0.133599042892
26000 12 0.139612913132
26100 0 1.19209289551e-06
26100 1 0.0468049049377
26100 2 0.0547871589661
26100 3 0.0676701068878
26100 4 0.0719320774078
26100 5 0.0858709812164
26100 6 0.102518081665
26100 7 0.110764026642
26100 8 0.125865936279
26100 9 0.133440971375
26100 10 0.118501901627
26100 11 0.131497144699
26100 12 0.136667966843
26200 0 9.53674316406e-07
26200 1 0.0452959537506
26200 2 0.0604100227356
26200 3 0.064117193222
26200 4 0.0838670730591
26200 5 0.093866109848
26200 6 0.100675106049
26200 7 0.109297990799
26200 8 0.122787952423
26200 9 0.116410017014
26200 10 0.120985031128
26200 11 0.129193067551
26200 12 0.138045072556
26300 0 9.53674316406e-07
26300 1 0.0483391284943
26300 2 0.0538129806519
26300 3 0.0666391849518
26300 4 0.085638999939
26300 5 0.0963740348816
26300 6 0.108309030533
26300 7 0.110783815384
26300 8 0.111349821091
26300 9 0.118501186371
26300 10 0.121837854385
26300 11 0.13236784935
26300 12 0.138523101807
26400 0 9.53674316406e-07
26400 1 0.0483069419861
26400 2 0.0591840744019
26400 3 0.0648579597473
26400 4 0.0755209922791
26400 5 0.0965888500214
26400 6 0.107393026352
26400 7 0.109544992447
26400 8 0.123517990112
26400 9 0.123023033142
26400 10 0.125
26400 11 0.135267019272
26400 12 0.136414051056
26500 0 9.53674316406e-07
26500 1 0.0471949577332
26500 2 0.0568149089813
26500 3 0.0665872097015
26500 4 0.0700659751892
26500 5 0.0900239944458
26500 6 0.100569009781
26500 7 0.109197854996
26500 8 0.131305932999
26500 9 0.13473200798
26500 10 0.124472856522
26500 11 0.134566068649
26500 12 0.138225078583
26600 0 9.53674316406e-07
26600 1 0.0512781143188
26600 2 0.057296037674
26600 3 0.068253993988
26600 4 0.0743539333344
26600 5 0.0911169052124
26600 6 0.109449863434
26600 7 0.110549211502
26600 8 0.128294944763
26600 9 0.129912853241
26600 10 0.135169029236
26600 11 0.14179110527
26600 12 0.157570123672
26700 0 9.53674316406e-07
26700 1 0.0467929840088
26700 2 0.0568170547485
26700 3 0.0717370510101
26700 4 0.0731420516968
26700 5 0.0938079357147
26700 6 0.09921002388
26700 7 0.112406015396
26700 8 0.127744913101
26700 9 0.11964392662
26700 10 0.13349199295
26700 11 0.13414311409
26700 12 0.14124083519
26800 0 9.53674316406e-07
26800 1 0.0460920333862
26800 2 0.0606648921967
26800 3 0.0672600269318
26800 4 0.0716938972473
26800 5 0.0884389877319
26800 6 0.103770971298
26800 7 0.114544153214
26800 8 0.131460905075
26800 9 0.119510173798
26800 10 0.126438856125
26800 11 0.130482196808
26800 12 0.140487909317
26900 0 9.53674316406e-07
26900 1 0.0462901592255
26900 2 0.0550580024719
26900 3 0.0706708431244
26900 4 0.0744149684906
26900 5 0.0970001220703
26900 6 0.110341072083
26900 7 0.116827011108
26900 8 0.128520011902
26900 9 0.112091064453
26900 10 0.123874902725
26900 11 0.132601976395
26900 12 0.169057846069
27000 0 1.90734863281e-06
27000 1 0.0475070476532
27000 2 0.0543627738953
27000 3 0.0657410621643
27000 4 0.0875082015991
27000 5 0.0981352329254
27000 6 0.104783058167
27000 7 0.116666078568
27000 8 0.113785982132
27000 9 0.119765996933
27000 10 0.141894817352
27000 11 0.135390043259
27000 12 0.138865947723
27100 0 9.53674316406e-07
27100 1 0.0502171516418
27100 2 0.0564429759979
27100 3 0.067332983017
27100 4 0.0730769634247
27100 5 0.101465940475
27100 6 0.110276937485
27100 7 0.114518880844
27100 8 0.111625909805
27100 9 0.117557048798
27100 10 0.128164052963
27100 11 0.134124040604
27100 12 0.143236875534
27200 0 1.90734863281e-06
27200 1 0.0464179515839
27200 2 0.0568549633026
27200 3 0.0702459812164
27200 4 0.0761120319366
27200 5 0.0976560115814
27200 6 0.110110044479
27200 7 0.115607023239
27200 8 0.113332033157
27200 9 0.119747161865
27200 10 0.127640962601
27200 11 0.137432098389
27200 12 0.143913984299
27300 0 2.14576721191e-06
27300 1 0.0506420135498
27300 2 0.0586671829224
27300 3 0.0678541660309
27300 4 0.0853078365326
27300 5 0.100195884705
27300 6 0.107069015503
27300 7 0.103753805161
27300 8 0.111476898193
27300 9 0.122030973434
27300 10 0.12957406044
27300 11 0.135317802429
27300 12 0.141559839249
27400 0 1.19209289551e-06
27400 1 0.0493121147156
27400 2 0.0631320476532
27400 3 0.0723090171814
27400 4 0.0846090316772
27400 5 0.0819008350372
27400 6 0.107446908951
27400 7 0.11437702179
27400 8 0.112791776657
27400 9 0.120465040207
27400 10 0.126088142395
27400 11 0.138232946396
27400 12 0.145534038544
27500 0 1.90734863281e-06
27500 1 0.0480959415436
27500 2 0.0580370426178
27500 3 0.0669538974762
27500 4 0.0749340057373
27500 5 0.104416131973
27500 6 0.107954025269
27500 7 0.115257024765
27500 8 0.114003896713
27500 9 0.123049020767
27500 10 0.127780914307
27500 11 0.138515949249
27500 12 0.145789861679
27600 0 9.53674316406e-07
27600 1 0.0492169857025
27600 2 0.0571248531342
27600 3 0.0677978992462
27600 4 0.0756120681763
27600 5 0.101876974106
27600 6 0.111787080765
27600 7 0.126730918884
27600 8 0.116417169571
27600 9 0.120120048523
27600 10 0.126008033752
27600 11 0.138512849808
27600 12 0.165030956268
27700 0 1.19209289551e-06
27700 1 0.0495588779449
27700 2 0.0585730075836
27700 3 0.0709381103516
27700 4 0.0898649692535
27700 5 0.102433919907
27700 6 0.106542110443
27700 7 0.11737203598
27700 8 0.130395174026
27700 9 0.122935056686
27700 10 0.134238004684
27700 11 0.140743017197
27700 12 0.145957946777
27800 0 9.53674316406e-07
27800 1 0.0481870174408
27800 2 0.0582239627838
27800 3 0.0678579807281
27800 4 0.0731129646301
27800 5 0.101674079895
27800 6 0.113069057465
27800 7 0.106944799423
27800 8 0.115873098373
27800 9 0.136729001999
27800 10 0.132161140442
27800 11 0.143851995468
27800 12 0.150338888168
27900 0 1.19209289551e-06
27900 1 0.0496640205383
27900 2 0.056615114212
27900 3 0.0659449100494
27900 4 0.0733439922333
27900 5 0.0978920459747
27900 6 0.107666969299
27900 7 0.135066986084
27900 8 0.116183996201
27900 9 0.123457193375
27900 10 0.130541086197
27900 11 0.137084960938
27900 12 0.158093929291
28000 0 2.31266021729e-05
28000 1 0.0486500263214
28000 2 0.0578980445862
28000 3 0.0748288631439
28000 4 0.0801520347595
28000 5 0.100414037704
28000 6 0.108089923859
28000 7 0.110349178314
28000 8 0.116183042526
28000 9 0.127861022949
28000 10 0.131106853485
28000 11 0.142883062363
28000 12 0.152611017227
28100 0 1.90734863281e-06
28100 1 0.0500159263611
28100 2 0.0642328262329
28100 3 0.0715539455414
28100 4 0.0857710838318
28100 5 0.0867309570312
28100 6 0.111704111099
28100 7 0.103815078735
28100 8 0.1119120121
28100 9 0.123826980591
28100 10 0.132100105286
28100 11 0.137059926987
28100 12 0.146065950394
28200 0 1.19209289551e-06
28200 1 0.0491528511047
28200 2 0.0603828430176
28200 3 0.0688219070435
28200 4 0.077910900116
28200 5 0.0978221893311
28200 6 0.11053609848
28200 7 0.134453058243
28200 8 0.117501020432
28200 9 0.122375965118
28200 10 0.133790969849
28200 11 0.138323783875
28200 12 0.148077011108
28300 0 9.53674316406e-07
28300 1 0.0483860969543
28300 2 0.0595920085907
28300 3 0.0685429573059
28300 4 0.0788879394531
28300 5 0.0996520519257
28300 6 0.110069990158
28300 7 0.120288133621
28300 8 0.114984989166
28300 9 0.125998973846
28300 10 0.130046129227
28300 11 0.142977952957
28300 12 0.147969961166
28400 0 2.14576721191e-06
28400 1 0.0494749546051
28400 2 0.0597360134125
28400 3 0.0707190036774
28400 4 0.0809259414673
28400 5 0.09885597229
28400 6 0.107750177383
28400 7 0.119215011597
28400 8 0.122841119766
28400 9 0.126229047775
28400 10 0.134497880936
28400 11 0.145987033844
28400 12 0.168349981308
28500 0 9.53674316406e-07
28500 1 0.0595209598541
28500 2 0.063677072525
28500 3 0.114060878754
28500 4 0.108003139496
28500 5 0.108493089676
28500 6 0.109987020493
28500 7 0.119102954865
28500 8 0.137910842896
28500 9 0.124557971954
28500 10 0.132498025894
28500 11 0.143157958984
28500 12 0.151659011841
28600 0 9.53674316406e-07
28600 1 0.0486898422241
28600 2 0.0593731403351
28600 3 0.0698959827423
28600 4 0.0786530971527
28600 5 0.0986940860748
28600 6 0.109544038773
28600 7 0.119690895081
28600 8 0.116342067719
28600 9 0.129801988602
28600 10 0.132703065872
28600 11 0.141247987747
28600 12 0.149861812592
28700 0 9.53674316406e-07
28700 1 0.0508670806885
28700 2 0.067008972168
28700 3 0.0883250236511
28700 4 0.0785551071167
28700 5 0.111775875092
28700 6 0.111795186996
28700 7 0.139423847198
28700 8 0.129077911377
28700 9 0.138388872147
28700 10 0.142590999603
28700 11 0.153007984161
28700 12 0.164091825485
28800 0 9.53674316406e-07
28800 1 0.0487499237061
28800 2 0.0614709854126
28800 3 0.0725450515747
28800 4 0.082291841507
28800 5 0.104497909546
28800 6 0.0986869335175
28800 7 0.125832080841
28800 8 0.133127212524
28800 9 0.143244981766
28800 10 0.154206991196
28800 11 0.195316791534
28800 12 0.206083774567
28900 0 9.53674316406e-07
28900 1 0.0517718791962
28900 2 0.0754051208496
28900 3 0.114408969879
28900 4 0.101276159286
28900 5 0.172345876694
28900 6 0.236185789108
28900 7 0.469928026199
28900 8 0.133767127991
28900 9 0.131540060043
28900 10 0.313857078552
28900 11 0.199575901031
28900 12 0.164765119553
29000 0 9.53674316406e-07
29000 1 0.0638809204102
29000 2 0.0790948867798
29000 3 0.0908150672913
29000 4 0.109246015549
29000 5 0.143692016602
29000 6 0.125236034393
29000 7 0.122430086136
29000 8 0.133348941803
29000 9 0.172204971313
29000 10 0.236150979996
29000 11 0.229022979736
29000 12 0.238134145737
29100 0 2.86102294922e-06
29100 1 0.069895029068
29100 2 0.0843420028687
29100 3 0.0994770526886
29100 4 0.114702939987
29100 5 0.112379074097
29100 6 0.105831861496
29100 7 0.150640010834
29100 8 0.166114091873
29100 9 0.181329965591
29100 10 0.198199987411
29100 11 0.211800813675
29100 12 0.229537963867
29200 0 2.86102294922e-06
29200 1 0.0703120231628
29200 2 0.0894470214844
29200 3 0.101139068604
29200 4 0.121726989746
29200 5 0.115957021713
29200 6 0.132016897202
29200 7 0.142279148102
29200 8 0.189696073532
29200 9 0.260212898254
29200 10 0.206659793854
29200 11 0.194579839706
29200 12 0.216253042221
29300 0 2.14576721191e-06
29300 1 0.0647490024567
29300 2 0.0797522068024
29300 3 0.130914926529
29300 4 0.167924165726
29300 5 0.104837179184
29300 6 0.107826948166
29300 7 0.112392902374
29300 8 0.163338899612
29300 9 0.182676076889
29300 10 0.269725084305
29300 11 0.176123142242
29300 12 0.178225040436
29400 0 1.19209289551e-06
29400 1 0.0671350955963
29400 2 0.0854201316833
29400 3 0.0874979496002
29400 4 0.102272033691
29400 5 0.19727396965
29400 6 0.130620002747
29400 7 0.108454942703
29400 8 0.119960069656
29400 9 0.136614084244
29400 10 0.151973962784
29400 11 0.16054391861
29400 12 0.154592037201
29500 0 1.50203704834e-05
29500 1 0.0518770217896
29500 2 0.0673830509186
29500 3 0.0752120018005
29500 4 0.148056983948
29500 5 0.116984128952
29500 6 0.0982661247253
29500 7 0.120392799377
29500 8 0.129051923752
29500 9 0.146600008011
29500 10 0.139278173447
29500 11 0.146023988724
29500 12 0.159578800201
29600 0 1.90734863281e-06
29600 1 0.0504741668701
29600 2 0.0616819858551
29600 3 0.073431968689
29600 4 0.13791012764
29600 5 0.115914106369
29600 6 0.0996880531311
29600 7 0.106021881104
29600 8 0.127456188202
29600 9 0.131523132324
29600 10 0.139043807983
29600 11 0.155328989029
29600 12 0.156947851181
29700 0 2.09808349609e-05
29700 1 0.0517690181732
29700 2 0.0714390277863
29700 3 0.118383169174
29700 4 0.118550777435
29700 5 0.107271909714
29700 6 0.113028049469
29700 7 0.11568403244
29700 8 0.123033046722
29700 9 0.129548072815
29700 10 0.140862941742
29700 11 0.147906064987
29700 12 0.158844947815
29800 0 1.19209289551e-06
29800 1 0.0522308349609
29800 2 0.0653059482574
29800 3 0.0803050994873
29800 4 0.0875039100647
29800 5 0.0892660617828
29800 6 0.101760864258
29800 7 0.110939025879
29800 8 0.13201880455
29800 9 0.13591504097
29800 10 0.1399269104
29800 11 0.151473999023
29800 12 0.154709100723
29900 0 2.121925354e-05
29900 1 0.0487818717957
29900 2 0.0726668834686
29900 3 0.0737760066986
29900 4 0.0924689769745
29900 5 0.0930008888245
29900 6 0.109197854996
29900 7 0.118680000305
29900 8 0.121586799622
29900 9 0.132819890976
29900 10 0.139292001724
29900 11 0.149510145187
29900 12 0.161627054214
30000 0 1.19209289551e-06
30000 1 0.0558078289032
30000 2 0.0681579113007
30000 3 0.0861568450928
30000 4 0.0855040550232
30000 5 0.0933949947357
30000 6 0.100955963135
30000 7 0.111623048782
30000 8 0.126692056656
30000 9 0.13053393364
30000 10 0.141174077988
30000 11 0.15337395668
30000 12 0.158590078354
