0 0 5.00679016113e-06
0 1 2.14576721191e-06
0 2 9.53674316406e-07
0 3 1.19209289551e-06
0 4 9.53674316406e-07
0 5 9.53674316406e-07
0 6 9.53674316406e-07
0 7 9.53674316406e-07
0 8 9.53674316406e-07
0 9 9.53674316406e-07
0 10 1.19209289551e-06
0 11 9.53674316406e-07
0 12 9.53674316406e-07
100 0 9.53674316406e-07
100 1 6.38961791992e-05
100 2 0.00126194953918
100 3 0.0144240856171
100 4 0.0538098812103
100 5 0.0863928794861
100 6 0.102616071701
100 7 0.102979183197
100 8 0.117543935776
100 9 0.104939937592
100 10 0.104787826538
100 11 0.104448080063
100 12 0.107546806335
200 0 3.09944152832e-06
200 1 0.000486850738525
200 2 0.00512790679932
200 3 0.115608930588
200 4 0.77693605423
200 5 1.63640999794
200 6 2.72240209579
200 7 3.38464188576
200 8 3.28203511238
200 9 3.60085391998
200 10 3.49178195
200 11 3.42974114418
200 12 3.28852295876
300 0 9.53674316406e-07
300 1 0.000275135040283
300 2 0.0129129886627
300 3 0.379050970078
300 4 2.51356005669
300 5 9.64382791519
300 6 20.8707890511
300 7 27.5374691486
300 8 28.5150530338
300 9 28.5416409969
300 10 29.7286019325
300 11 32.8812100887
300 12 34.3170619011
400 0 9.53674316406e-07
400 1 0.000324010848999
400 2 0.0196900367737
400 3 0.671733856201
400 4 7.35243797302
400 5 40.7697679996
400 6 110.33032012
