0 0 1.90734863281e-06
0 1 8.10623168945e-06
0 2 6.91413879395e-06
0 3 6.91413879395e-06
0 4 9.05990600586e-06
0 5 8.10623168945e-06
0 6 7.86781311035e-06
0 7 9.05990600586e-06
0 8 1.00135803223e-05
0 9 1.12056732178e-05
0 10 1.12056732178e-05
0 11 1.00135803223e-05
0 12 1.09672546387e-05
100 0 2.14576721191e-06
100 1 0.000176906585693
100 2 0.000216007232666
100 3 0.000231027603149
100 4 0.000451803207397
100 5 0.000391006469727
100 6 0.000401973724365
100 7 0.000578880310059
100 8 0.000643968582153
100 9 0.000585079193115
100 10 0.000577926635742
100 11 0.000783920288086
100 12 0.000875949859619
200 0 5.00679016113e-06
200 1 0.000568866729736
200 2 0.000422954559326
200 3 0.000407934188843
200 4 0.000614166259766
200 5 0.000585079193115
200 6 0.000687122344971
200 7 0.000576972961426
200 8 0.000663995742798
200 9 0.000823974609375
200 10 0.000766038894653
200 11 0.00113606452942
200 12 0.000854015350342
300 0 1.90734863281e-06
300 1 0.000377178192139
300 2 0.000565052032471
300 3 0.000685930252075
300 4 0.00075888633728
300 5 0.000695943832397
300 6 0.000782012939453
300 7 0.000858068466187
300 8 0.000982046127319
300 9 0.00113105773926
300 10 0.00125813484192
300 11 0.00121212005615
300 12 0.00138902664185
400 0 3.09944152832e-06
400 1 0.000530958175659
400 2 0.000578880310059
400 3 0.000624895095825
400 4 0.000664949417114
400 5 0.000842094421387
400 6 0.000875949859619
400 7 0.000899076461792
400 8 0.00102806091309
400 9 0.00111508369446
400 10 0.00144004821777
400 11 0.00127387046814
400 12 0.00141620635986
500 0 1.50203704834e-05
500 1 0.000784158706665
500 2 0.000918865203857
500 3 0.000972986221313
500 4 0.000890970230103
500 5 0.00098180770874
500 6 0.00102400779724
500 7 0.00118494033813
500 8 0.00132298469543
500 9 0.00139212608337
500 10 0.00149393081665
500 11 0.00159096717834
500 12 0.0016930103302
600 0 1.90734863281e-06
600 1 0.000811815261841
600 2 0.000952959060669
600 3 0.000725984573364
600 4 0.00094199180603
600 5 0.00109314918518
600 6 0.00126504898071
600 7 0.00138521194458
600 8 0.00159001350403
600 9 0.00252199172974
600 10 0.00178599357605
600 11 0.00245690345764
600 12 0.00206089019775
700 0 9.53674316406e-07
700 1 0.000910043716431
700 2 0.00117588043213
700 3 0.000855922698975
700 4 0.00113105773926
700 5 0.00126910209656
700 6 0.00143694877625
700 7 0.00158309936523
700 8 0.00187301635742
700 9 0.00198411941528
700 10 0.00222492218018
700 11 0.00226783752441
700 12 0.00516390800476
800 0 2.86102294922e-06
800 1 0.00143599510193
800 2 0.00150680541992
800 3 0.000967979431152
800 4 0.0012481212616
800 5 0.00148797035217
800 6 0.00168108940125
800 7 0.00182700157166
800 8 0.00269389152527
800 9 0.00287389755249
800 10 0.00239896774292
800 11 0.00258088111877
800 12 0.00274300575256
900 0 9.53674316406e-07
900 1 0.000951051712036
900 2 0.00136303901672
900 3 0.00108480453491
900 4 0.00140309333801
900 5 0.00167608261108
900 6 0.00192499160767
900 7 0.00207996368408
900 8 0.00237584114075
900 9 0.00253915786743
900 10 0.00298404693604
900 11 0.00289607048035
900 12 0.00309801101685
1000 0 9.53674316406e-07
1000 1 0.000990152359009
1000 2 0.00104188919067
1000 3 0.00122904777527
1000 4 0.00178289413452
1000 5 0.00181198120117
1000 6 0.002112865448
1000 7 0.00252509117126
1000 8 0.00298404693604
1000 9 0.00330805778503
1000 10 0.00303483009338
1000 11 0.00339698791504
1000 12 0.00362586975098
1100 0 1.19209289551e-06
1100 1 0.00120091438293
1100 2 0.00115585327148
1100 3 0.00139498710632
1100 4 0.00178408622742
1100 5 0.00206899642944
1100 6 0.00242304801941
1100 7 0.0027289390564
1100 8 0.00300097465515
1100 9 0.00326108932495
1100 10 0.00350689888
1100 11 0.00381708145142
1100 12 0.00398111343384
1200 0 9.53674316406e-07
1200 1 0.00228309631348
1200 2 0.00194907188416
1200 3 0.00183510780334
1200 4 0.0023980140686
1200 5 0.00245499610901
1200 6 0.00302791595459
1200 7 0.00377202033997
1200 8 0.00404286384583
1200 9 0.00481700897217
1200 10 0.00464916229248
1200 11 0.00496506690979
1200 12 0.00487685203552
1300 0 9.53674316406e-07
1300 1 0.00146198272705
1300 2 0.00237512588501
1300 3 0.00291204452515
1300 4 0.0030210018158
1300 5 0.00302815437317
1300 6 0.00341200828552
1300 7 0.00379991531372
1300 8 0.00448799133301
1300 9 0.00480699539185
1300 10 0.00501799583435
1300 11 0.0052809715271
1300 12 0.00506186485291
1400 0 9.53674316406e-07
1400 1 0.00139904022217
1400 2 0.00146698951721
1400 3 0.00174999237061
1400 4 0.00284910202026
1400 5 0.00643491744995
1400 6 0.00404477119446
1400 7 0.00409197807312
1400 8 0.00465703010559
1400 9 0.00506496429443
1400 10 0.00541400909424
1400 11 0.0056779384613
1400 12 0.00525617599487
1500 0 9.53674316406e-07
1500 1 0.001540184021
1500 2 0.00169706344604
1500 3 0.00298118591309
1500 4 0.00407600402832
1500 5 0.00453591346741
1500 6 0.00398898124695
1500 7 0.00440502166748
1500 8 0.00500512123108
1500 9 0.00543904304504
1500 10 0.00563597679138
1500 11 0.00543403625488
1500 12 0.00606393814087
1600 0 9.53674316406e-07
1600 1 0.00212383270264
1600 2 0.00314903259277
1600 3 0.00334000587463
1600 4 0.00366997718811
1600 5 0.00444102287292
1600 6 0.00422883033752
1600 7 0.00471591949463
1600 8 0.00540018081665
1600 9 0.00578188896179
1600 10 0.00612187385559
1600 11 0.0093560218811
1600 12 0.00872898101807
1700 0 9.53674316406e-07
1700 1 0.00208282470703
1700 2 0.00217890739441
1700 3 0.00259304046631
1700 4 0.00342488288879
1700 5 0.00393795967102
1700 6 0.00450706481934
1700 7 0.00502991676331
1700 8 0.00574111938477
1700 9 0.00692701339722
1700 10 0.00940203666687
1700 11 0.00709891319275
1700 12 0.00748109817505
1800 0 9.53674316406e-07
1800 1 0.00220990180969
1800 2 0.00231599807739
1800 3 0.00275683403015
1800 4 0.0035560131073
1800 5 0.00382804870605
1800 6 0.00419902801514
1800 7 0.00916123390198
1800 8 0.00660800933838
1800 9 0.00655603408813
1800 10 0.00701189041138
1800 11 0.00745105743408
1800 12 0.0071439743042
1900 0 1.19209289551e-06
1900 1 0.00195789337158
1900 2 0.00212097167969
1900 3 0.00268697738647
1900 4 0.00786805152893
1900 5 0.00490808486938
1900 6 0.00502395629883
1900 7 0.00560092926025
1900 8 0.00642895698547
1900 9 0.00690412521362
1900 10 0.0067880153656
1900 11 0.0144300460815
1900 12 0.0085780620575
2000 0 2.14576721191e-06
2000 1 0.00273108482361
2000 2 0.00266098976135
2000 3 0.00308179855347
2000 4 0.00398397445679
2000 5 0.00464820861816
2000 6 0.00529003143311
2000 7 0.00611090660095
2000 8 0.0102832317352
2000 9 0.00721883773804
2000 10 0.00776815414429
2000 11 0.00829410552979
2000 12 0.00858402252197
2100 0 9.53674316406e-07
2100 1 0.00243782997131
2100 2 0.00284194946289
2100 3 0.00591993331909
2100 4 0.00534200668335
2100 5 0.0049729347229
2100 6 0.00553703308105
2100 7 0.00621485710144
2100 8 0.00704717636108
2100 9 0.00671005249023
2100 10 0.0120060443878
2100 11 0.00978803634644
2100 12 0.00969386100769
2200 0 9.53674316406e-07
2200 1 0.00270009040833
2200 2 0.00283288955688
2200 3 0.00336503982544
2200 4 0.00440812110901
2200 5 0.00507307052612
2200 6 0.00532793998718
2200 7 0.0101449489594
2200 8 0.00762820243835
2200 9 0.00812387466431
2200 10 0.00869607925415
2200 11 0.00861501693726
2200 12 0.0130212306976
2300 0 1.19209289551e-06
2300 1 0.00287795066833
2300 2 0.00297498703003
2300 3 0.00355792045593
2300 4 0.00460314750671
2300 5 0.00534105300903
2300 6 0.00612497329712
2300 7 0.00642395019531
2300 8 0.00942802429199
2300 9 0.011293888092
2300 10 0.00908803939819
2300 11 0.00968289375305
2300 12 0.0100698471069
2400 0 9.53674316406e-07
2400 1 0.00272417068481
2400 2 0.0025589466095
2400 3 0.00619697570801
2400 4 0.00632214546204
2400 5 0.00559782981873
2400 6 0.00633001327515
2400 7 0.00709414482117
2400 8 0.00818586349487
2400 9 0.010057926178
2400 10 0.012451171875
2400 11 0.00997591018677
2400 12 0.0106728076935
2500 0 1.90734863281e-06
2500 1 0.00305604934692
2500 2 0.00297999382019
2500 3 0.00327801704407
2500 4 0.00440406799316
2500 5 0.00889682769775
2500 6 0.00689721107483
2500 7 0.00747489929199
2500 8 0.00859689712524
2500 9 0.00903296470642
2500 10 0.0115439891815
2500 11 0.0123481750488
2500 12 0.0111320018768
2600 0 9.53674316406e-07
2600 1 0.00320196151733
2600 2 0.00335693359375
2600 3 0.00367903709412
2600 4 0.00443196296692
2600 5 0.00567197799683
2600 6 0.0116000175476
2600 7 0.00781798362732
2600 8 0.00888395309448
2600 9 0.00956797599792
2600 10 0.0104348659515
2600 11 0.0146021842957
2600 12 0.011666059494
2700 0 9.53674316406e-07
2700 1 0.00335097312927
2700 2 0.00349497795105
2700 3 0.00416707992554
2700 4 0.00537610054016
2700 5 0.00678396224976
2700 6 0.0107719898224
2700 7 0.00835704803467
2700 8 0.00945210456848
2700 9 0.00998115539551
2700 10 0.0156300067902
2700 11 0.0116930007935
2700 12 0.0121350288391
2800 0 9.53674316406e-07
2800 1 0.0034511089325
2800 2 0.00365209579468
2800 3 0.004390001297
2800 4 0.00866222381592
2800 5 0.0092658996582
2800 6 0.00772094726562
2800 7 0.00843906402588
2800 8 0.00966382026672
2800 9 0.0106990337372
2800 10 0.0140719413757
2800 11 0.0119588375092
2800 12 0.0127620697021
2900 0 2.14576721191e-06
2900 1 0.00337886810303
2900 2 0.00347495079041
2900 3 0.0063259601593
2900 4 0.00736284255981
2900 5 0.00681781768799
2900 6 0.00771188735962
2900 7 0.00869011878967
2900 8 0.00963401794434
2900 9 0.0142621994019
2900 10 0.0115511417389
2900 11 0.0122768878937
2900 12 0.0113580226898
3000 0 9.53674316406e-07
3000 1 0.00669193267822
3000 2 0.00573587417603
3000 3 0.00468397140503
3000 4 0.00605487823486
3000 5 0.00705409049988
3000 6 0.00801992416382
3000 7 0.00845003128052
3000 8 0.0144000053406
3000 9 0.011302947998
3000 10 0.0120379924774
3000 11 0.0123031139374
3000 12 0.0177750587463
3100 0 9.53674316406e-07
3100 1 0.00387406349182
3100 2 0.00405788421631
3100 3 0.00486993789673
3100 4 0.00626707077026
3100 5 0.00735306739807
3100 6 0.0111088752747
3100 7 0.0108330249786
3100 8 0.0107908248901
3100 9 0.0115971565247
3100 10 0.0121500492096
3100 11 0.0158400535583
3100 12 0.0139980316162
3200 0 9.53674316406e-07
3200 1 0.00399088859558
3200 2 0.00418782234192
3200 3 0.00469303131104
3200 4 0.00804781913757
3200 5 0.00974798202515
3200 6 0.00864100456238
3200 7 0.00974607467651
3200 8 0.0111060142517
3200 9 0.0173890590668
3200 10 0.0127561092377
3200 11 0.0137221813202
3200 12 0.0185811519623
3300 0 1.90734863281e-06
3300 1 0.00422501564026
3300 2 0.00430202484131
3300 3 0.00514602661133
3300 4 0.00664091110229
3300 5 0.0078010559082
3300 6 0.00899696350098
3300 7 0.0110030174255
3300 8 0.0120239257812
3300 9 0.0127007961273
3300 10 0.0132720470428
3300 11 0.0152199268341
3300 12 0.0154500007629
3400 0 1.90734863281e-06
3400 1 0.00452208518982
3400 2 0.00424003601074
3400 3 0.00568199157715
3400 4 0.00617003440857
3400 5 0.0119049549103
3400 6 0.00938701629639
3400 7 0.0115020275116
3400 8 0.0125319957733
3400 9 0.01615691185
3400 10 0.0157299041748
3400 11 0.0152599811554
3400 12 0.030415058136
3500 0 4.05311584473e-06
3500 1 0.00552678108215
3500 2 0.00561881065369
3500 3 0.00635194778442
3500 4 0.0154950618744
3500 5 0.012787103653
3500 6 0.0126469135284
3500 7 0.0204288959503
3500 8 0.0192730426788
3500 9 0.0170450210571
3500 10 0.0289590358734
3500 11 0.0195679664612
3500 12 0.0320730209351
3600 0 2.14576721191e-06
3600 1 0.00575494766235
3600 2 0.0059289932251
3600 3 0.0134150981903
3600 4 0.0169558525085
3600 5 0.0153851509094
3600 6 0.0236110687256
3600 7 0.0176501274109
3600 8 0.02099609375
3600 9 0.0244507789612
3600 10 0.0175650119781
3600 11 0.0314249992371
3600 12 0.0319170951843
3700 0 3.09944152832e-06
3700 1 0.00823903083801
3700 2 0.00770688056946
3700 3 0.00729894638062
3700 4 0.00994992256165
3700 5 0.0223469734192
3700 6 0.014016866684
3700 7 0.0173878669739
3700 8 0.0255589485168
3700 9 0.0178349018097
3700 10 0.0276689529419
3700 11 0.0199630260468
3700 12 0.0340621471405
3800 0 1.90734863281e-06
3800 1 0.00585603713989
3800 2 0.00664806365967
3800 3 0.0133299827576
3800 4 0.0142230987549
3800 5 0.01189494133
3800 6 0.0136909484863
3800 7 0.0253660678864
3800 8 0.0174360275269
3800 9 0.0307660102844
3800 10 0.0196828842163
3800 11 0.0339031219482
3800 12 0.0274891853333
3900 0 9.05990600586e-06
3900 1 0.0101289749146
3900 2 0.0075740814209
3900 3 0.00764107704163
3900 4 0.010153055191
3900 5 0.0230140686035
3900 6 0.0148980617523
3900 7 0.0156412124634
3900 8 0.0299940109253
3900 9 0.0202641487122
3900 10 0.026782989502
3900 11 0.0223898887634
3900 12 0.0294368267059
4000 0 1.90734863281e-06
4000 1 0.00603103637695
4000 2 0.00662088394165
4000 3 0.0150918960571
4000 4 0.013356924057
4000 5 0.0116169452667
4000 6 0.0185899734497
4000 7 0.0238540172577
4000 8 0.0219030380249
4000 9 0.0267200469971
4000 10 0.0285179615021
4000 11 0.0256872177124
4000 12 0.0374939441681
4100 0 2.86102294922e-06
4100 1 0.0067880153656
4100 2 0.0071120262146
4100 3 0.0106949806213
4100 4 0.0190989971161
4100 5 0.0148370265961
4100 6 0.0201461315155
4100 7 0.0224199295044
4100 8 0.018846988678
4100 9 0.0297470092773
4100 10 0.0232801437378
4100 11 0.0281851291656
4100 12 0.0243928432465
4200 0 5.96046447754e-06
4200 1 0.0114209651947
4200 2 0.00808811187744
4200 3 0.0080988407135
4200 4 0.0103738307953
4200 5 0.0204539299011
4200 6 0.0160241127014
4200 7 0.0183160305023
4200 8 0.0263071060181
4200 9 0.0226740837097
4200 10 0.0289700031281
4200 11 0.0326919555664
4200 12 0.0261671543121
4300 0 9.53674316406e-07
4300 1 0.00853300094604
4300 2 0.0141789913177
4300 3 0.00955700874329
4300 4 0.0108048915863
4300 5 0.0126941204071
4300 6 0.0237939357758
4300 7 0.0172419548035
4300 8 0.0316820144653
4300 9 0.0214638710022
4300 10 0.0351250171661
4300 11 0.0365138053894
4300 12 0.0273790359497
4400 0 9.53674316406e-07
4400 1 0.0158159732819
4400 2 0.0101919174194
4400 3 0.00969195365906
4400 4 0.011999130249
4400 5 0.0251281261444
4400 6 0.0164959430695
4400 7 0.0305621623993
4400 8 0.0243489742279
4400 9 0.0357441902161
4400 10 0.0351951122284
4400 11 0.0283141136169
4400 12 0.0387918949127
4500 0 2.14576721191e-06
4500 1 0.0091290473938
4500 2 0.00886082649231
4500 3 0.0087468624115
4500 4 0.0164680480957
4500 5 0.0270819664001
4500 6 0.0173661708832
4500 7 0.018364906311
4500 8 0.027398109436
4500 9 0.0192492008209
4500 10 0.0310499668121
4500 11 0.0218830108643
4500 12 0.0283191204071
4600 0 9.53674316406e-07
4600 1 0.00571393966675
4600 2 0.00617694854736
4600 3 0.00732183456421
4600 4 0.0164680480957
4600 5 0.013622045517
4600 6 0.0132508277893
4600 7 0.0183238983154
4600 8 0.0206069946289
4600 9 0.0176820755005
4600 10 0.0271499156952
4600 11 0.0202560424805
4600 12 0.025367975235
4700 0 2.14576721191e-06
4700 1 0.00594305992126
4700 2 0.0062358379364
4700 3 0.00743293762207
4700 4 0.0102899074554
4700 5 0.0149309635162
4700 6 0.0129661560059
4700 7 0.0143189430237
4700 8 0.020781993866
4700 9 0.0177309513092
4700 10 0.0221588611603
4700 11 0.0228531360626
4700 12 0.0248968601227
4800 0 4.05311584473e-06
4800 1 0.00905990600586
4800 2 0.00733494758606
4800 3 0.00775694847107
4800 4 0.00998783111572
4800 5 0.0138030052185
4800 6 0.0155460834503
4800 7 0.0148479938507
4800 8 0.0230889320374
4800 9 0.0186038017273
4800 10 0.0199751853943
4800 11 0.0278868675232
4800 12 0.0320370197296
4900 0 4.05311584473e-06
4900 1 0.0107831954956
4900 2 0.00756001472473
4900 3 0.00830698013306
4900 4 0.036777973175
4900 5 0.0116701126099
4900 6 0.0200810432434
4900 7 0.0331921577454
4900 8 0.0253610610962
4900 9 0.0202989578247
4900 10 0.0242621898651
4900 11 0.0406091213226
4900 12 0.0452489852905
5000 0 1.90734863281e-06
5000 1 0.0111441612244
5000 2 0.0200228691101
5000 3 0.0163381099701
5000 4 0.0187819004059
5000 5 0.0191581249237
5000 6 0.0222070217133
5000 7 0.0210468769073
5000 8 0.0181450843811
5000 9 0.0222659111023
5000 10 0.020094871521
5000 11 0.0248100757599
5000 12 0.0220890045166
5100 0 9.53674316406e-07
5100 1 0.00563406944275
5100 2 0.00751996040344
5100 3 0.0114200115204
5100 4 0.0104870796204
5100 5 0.0122621059418
5100 6 0.0182459354401
5100 7 0.0169858932495
5100 8 0.0182189941406
5100 9 0.0231959819794
5100 10 0.0209419727325
5100 11 0.0250589847565
5100 12 0.0237860679626
5200 0 2.14576721191e-06
5200 1 0.00649285316467
5200 2 0.00612711906433
5200 3 0.0119669437408
5200 4 0.0107860565186
5200 5 0.0122680664062
5200 6 0.0135951042175
5200 7 0.0205421447754
5200 8 0.0184528827667
5200 9 0.0240159034729
5200 10 0.0218839645386
5200 11 0.0233538150787
5200 12 0.0243880748749
5300 0 1.90734863281e-06
5300 1 0.0059118270874
5300 2 0.00603485107422
5300 3 0.00748181343079
5300 4 0.0138821601868
5300 5 0.0125379562378
5300 6 0.0141270160675
5300 7 0.021852016449
5300 8 0.018944978714
5300 9 0.0232651233673
5300 10 0.0229568481445
5300 11 0.028254032135
5300 12 0.0267171859741
5400 0 1.90734863281e-06
5400 1 0.00683116912842
5400 2 0.00926184654236
5400 3 0.0105841159821
5400 4 0.0111510753632
5400 5 0.0171570777893
5400 6 0.0234930515289
5400 7 0.0166289806366
5400 8 0.0244379043579
5400 9 0.0226910114288
5400 10 0.0235152244568
5400 11 0.0235159397125
5400 12 0.0355000495911
5500 0 3.09944152832e-06
5500 1 0.00957298278809
5500 2 0.00839805603027
5500 3 0.00874996185303
5500 4 0.0140678882599
5500 5 0.013170003891
5500 6 0.0150399208069
5500 7 0.0172598361969
5500 8 0.0176990032196
5500 9 0.0190250873566
5500 10 0.0204780101776
5500 11 0.0205969810486
5500 12 0.0224921703339
5600 0 1.19209289551e-06
5600 1 0.00652098655701
5600 2 0.00667214393616
5600 3 0.00811386108398
5600 4 0.0135049819946
5600 5 0.014454126358
5600 6 0.0162069797516
5600 7 0.0165569782257
5600 8 0.0190539360046
5600 9 0.022577047348
5600 10 0.0220720767975
5600 11 0.0252408981323
5600 12 0.0224761962891
5700 0 9.53674316406e-07
5700 1 0.00634503364563
5700 2 0.00650310516357
5700 3 0.00793194770813
5700 4 0.0104172229767
5700 5 0.0146269798279
5700 6 0.0143978595734
5700 7 0.0170540809631
5700 8 0.0207269191742
5700 9 0.0223889350891
5700 10 0.0260889530182
5700 11 0.0330140590668
5700 12 0.100878953934
5800 0 9.53674316406e-07
5800 1 0.00633311271667
5800 2 0.00687289237976
5800 3 0.00792598724365
5800 4 0.0103769302368
5800 5 0.0118780136108
5800 6 0.0184559822083
5800 7 0.0186569690704
5800 8 0.0211620330811
5800 9 0.0187292098999
5800 10 0.0204448699951
5800 11 0.0342500209808
5800 12 0.030091047287
5900 0 9.53674316406e-07
5900 1 0.00701117515564
5900 2 0.00664210319519
5900 3 0.00789403915405
5900 4 0.0111129283905
5900 5 0.0286040306091
5900 6 0.0346598625183
5900 7 0.0345249176025
5900 8 0.0366699695587
5900 9 0.036159992218
5900 10 0.0368978977203
5900 11 0.0450150966644
5900 12 0.0414838790894
6000 0 2.86102294922e-06
6000 1 0.016998052597
6000 2 0.0180118083954
6000 3 0.0191829204559
6000 4 0.0201599597931
6000 5 0.0224678516388
6000 6 0.0286381244659
6000 7 0.0296649932861
6000 8 0.0335941314697
6000 9 0.0350348949432
6000 10 0.0378029346466
6000 11 0.0427091121674
6000 12 0.0571150779724
6100 0 5.96046447754e-06
6100 1 0.0137548446655
6100 2 0.0106370449066
6100 3 0.0132050514221
6100 4 0.0147869586945
6100 5 0.0146429538727
6100 6 0.0170629024506
6100 7 0.0277459621429
6100 8 0.0236999988556
6100 9 0.0333280563354
6100 10 0.0305461883545
6100 11 0.0296549797058
6100 12 0.0365400314331
6200 0 1.90734863281e-06
6200 1 0.00837898254395
6200 2 0.0114850997925
6200 3 0.0149030685425
6200 4 0.0140111446381
6200 5 0.0151169300079
6200 6 0.024955034256
6200 7 0.0194599628448
6200 8 0.0303049087524
6200 9 0.0251939296722
6200 10 0.0306742191315
6200 11 0.0336320400238
6200 12 0.0300710201263
6300 0 1.19209289551e-06
6300 1 0.0140779018402
6300 2 0.00938487052917
6300 3 0.0101511478424
6300 4 0.0131440162659
6300 5 0.0230479240417
6300 6 0.018317937851
6300 7 0.024523973465
6300 8 0.0226900577545
6300 9 0.0303599834442
6300 10 0.0266931056976
6300 11 0.0352530479431
6300 12 0.0348379611969
6400 0 1.19209289551e-06
6400 1 0.00805616378784
6400 2 0.00858807563782
6400 3 0.010153055191
6400 4 0.0194170475006
6400 5 0.0164008140564
6400 6 0.0177381038666
6400 7 0.0272099971771
6400 8 0.0232040882111
6400 9 0.0317370891571
6400 10 0.0326490402222
6400 11 0.0297241210938
6400 12 0.0378499031067
6500 0 2.14576721191e-06
6500 1 0.00816893577576
6500 2 0.00877809524536
6500 3 0.017529964447
6500 4 0.0158250331879
6500 5 0.0162901878357
6500 6 0.0223360061646
6500 7 0.0202400684357
6500 8 0.031005859375
6500 9 0.0249760150909
6500 10 0.0315990447998
6500 11 0.0357120037079
6500 12 0.0317931175232
6600 0 9.53674316406e-07
6600 1 0.0136859416962
6600 2 0.00886297225952
6600 3 0.0105857849121
6600 4 0.0136671066284
6600 5 0.0210590362549
6600 6 0.018128156662
6600 7 0.0257351398468
6600 8 0.024139881134
6600 9 0.0305778980255
6600 10 0.0272710323334
6600 11 0.0349102020264
6600 12 0.0371100902557
6700 0 1.90734863281e-06
6700 1 0.00851893424988
6700 2 0.00896501541138
6700 3 0.0107638835907
6700 4 0.0194611549377
6700 5 0.0161299705505
6700 6 0.0202519893646
6700 7 0.0242178440094
6700 8 0.0273790359497
6700 9 0.0286030769348
6700 10 0.0342881679535
6700 11 0.0301508903503
6700 12 0.0359771251678
6800 0 9.53674316406e-07
6800 1 0.00864195823669
6800 2 0.0149450302124
6800 3 0.012225151062
6800 4 0.0142250061035
6800 5 0.0223650932312
6800 6 0.0201280117035
6800 7 0.0250980854034
6800 8 0.028068780899
6800 9 0.0333108901978
6800 10 0.0485579967499
6800 11 0.0790429115295
6800 12 0.0424468517303
6900 0 1.90734863281e-06
6900 1 0.00868010520935
6900 2 0.00922298431396
6900 3 0.0261459350586
6900 4 0.0484828948975
6900 5 0.0489811897278
6900 6 0.0360500812531
6900 7 0.0356020927429
6900 8 0.0529320240021
6900 9 0.0598549842834
6900 10 0.0660560131073
6900 11 0.0684950351715
6900 12 0.0712649822235
7000 0 3.09944152832e-06
7000 1 0.022164106369
7000 2 0.0212099552155
7000 3 0.0307700634003
7000 4 0.0374250411987
7000 5 0.042062997818
7000 6 0.048476934433
7000 7 0.0537068843842
7000 8 0.057116985321
7000 9 0.0576961040497
7000 10 0.0554440021515
7000 11 0.0348079204559
7000 12 0.0400190353394
7100 0 9.53674316406e-07
7100 1 0.0130610466003
7100 2 0.0140891075134
7100 3 0.012717962265
7100 4 0.0151159763336
7100 5 0.0260319709778
7100 6 0.021008014679
7100 7 0.0307161808014
7100 8 0.0302150249481
7100 9 0.0273480415344
7100 10 0.0261270999908
7100 11 0.031986951828
7100 12 0.0426881313324
7200 0 9.53674316406e-07
7200 1 0.00907897949219
7200 2 0.0153429508209
7200 3 0.0122139453888
7200 4 0.0148301124573
7200 5 0.0229279994965
7200 6 0.0197691917419
7200 7 0.0256040096283
7200 8 0.0259330272675
7200 9 0.0327210426331
7200 10 0.0298261642456
7200 11 0.0360760688782
7200 12 0.0407409667969
7300 0 2.14576721191e-06
7300 1 0.00951290130615
7300 2 0.0100710391998
7300 3 0.0173699855804
7300 4 0.0163559913635
7300 5 0.0200769901276
7300 6 0.0252029895782
7300 7 0.0248970985413
7300 8 0.0290520191193
7300 9 0.0342299938202
7300 10 0.0302519798279
7300 11 0.0358061790466
7300 12 0.0388510227203
7400 0 2.14576721191e-06
7400 1 0.00936603546143
7400 2 0.00985717773438
7400 3 0.0184888839722
7400 4 0.0163240432739
7400 5 0.0193059444427
7400 6 0.027174949646
7400 7 0.0257611274719
7400 8 0.032488822937
7400 9 0.0388112068176
7400 10 0.0378029346466
7400 11 0.0329749584198
7400 12 0.0395109653473
7500 0 1.90734863281e-06
7500 1 0.00952792167664
7500 2 0.0151970386505
7500 3 0.0120689868927
7500 4 0.0155718326569
7500 5 0.0242748260498
7500 6 0.0209538936615
7500 7 0.0287759304047
7500 8 0.0272591114044
7500 9 0.0359530448914
7500 10 0.0388579368591
7500 11 0.0414998531342
7500 12 0.0393850803375
7600 0 1.90734863281e-06
7600 1 0.0142447948456
7600 2 0.0113859176636
7600 3 0.0130479335785
7600 4 0.0216238498688
7600 5 0.0220110416412
7600 6 0.0263619422913
7600 7 0.0259699821472
7600 8 0.0337979793549
7600 9 0.029452085495
7600 10 0.0573959350586
7600 11 0.0631258487701
7600 12 0.0717940330505
7700 0 4.05311584473e-06
7700 1 0.0300869941711
7700 2 0.0328569412231
7700 3 0.0384030342102
7700 4 0.0407009124756
7700 5 0.0347139835358
7700 6 0.0415840148926
7700 7 0.0471019744873
7700 8 0.0545790195465
7700 9 0.0734350681305
7700 10 0.076819896698
7700 11 0.0811519622803
7700 12 0.089289188385
7800 0 1.19209289551e-05
7800 1 0.02463722229
7800 2 0.0250489711761
7800 3 0.0335440635681
7800 4 0.0395441055298
7800 5 0.0432550907135
7800 6 0.0542190074921
7800 7 0.0477569103241
7800 8 0.0546729564667
7800 9 0.0641658306122
7800 10 0.066694021225
7800 11 0.0737190246582
7800 12 0.0752501487732
7900 0 1.90734863281e-06
7900 1 0.0212850570679
7900 2 0.0214011669159
7900 3 0.0305109024048
7900 4 0.0343060493469
7900 5 0.0423929691315
7900 6 0.0537209510803
7900 7 0.0578050613403
7900 8 0.0670690536499
7900 9 0.0748381614685
7900 10 0.0850491523743
7900 11 0.0845530033112
7900 12 0.103296995163
8000 0 3.09944152832e-06
8000 1 0.0251131057739
8000 2 0.0300288200378
8000 3 0.0316879749298
8000 4 0.0339450836182
8000 5 0.0377209186554
8000 6 0.0448791980743
8000 7 0.0528450012207
8000 8 0.0640120506287
8000 9 0.0686810016632
8000 10 0.0780038833618
8000 11 0.0773301124573
8000 12 0.0839340686798
8100 0 7.15255737305e-06
8100 1 0.0212171077728
8100 2 0.0202670097351
8100 3 0.0229041576385
8100 4 0.0463049411774
8100 5 0.0489730834961
8100 6 0.0563180446625
8100 7 0.0637159347534
8100 8 0.0703887939453
8100 9 0.0806860923767
8100 10 0.0962920188904
8100 11 0.0867171287537
8100 12 0.0990879535675
8200 0 3.09944152832e-06
8200 1 0.0219240188599
8200 2 0.0191009044647
8200 3 0.0300900936127
8200 4 0.0428500175476
8200 5 0.0508110523224
8200 6 0.0582718849182
8200 7 0.059623003006
8200 8 0.07377409935
8200 9 0.0813319683075
8200 10 0.0885961055756
8200 11 0.0894529819489
8200 12 0.0832901000977
8300 0 1.90734863281e-06
8300 1 0.0236451625824
8300 2 0.0244700908661
8300 3 0.0291469097137
8300 4 0.0389819145203
8300 5 0.0427730083466
8300 6 0.046511888504
8300 7 0.0610649585724
8300 8 0.0738251209259
8300 9 0.0813059806824
8300 10 0.0863168239594
8300 11 0.0930910110474
8300 12 0.105587005615
8400 0 3.09944152832e-06
8400 1 0.0321359634399
8400 2 0.0315918922424
8400 3 0.0365149974823
8400 4 0.0454270839691
8400 5 0.052610874176
8400 6 0.0579590797424
8400 7 0.0685131549835
8400 8 0.0742878913879
8400 9 0.0897510051727
8400 10 0.0901010036469
8400 11 0.100662946701
8400 12 0.102618932724
8500 0 6.91413879395e-06
8500 1 0.0279729366302
8500 2 0.0285317897797
8500 3 0.0356600284576
8500 4 0.0443770885468
8500 5 0.0541241168976
8500 6 0.0584030151367
8500 7 0.0534880161285
8500 8 0.0807061195374
8500 9 0.0811738967896
8500 10 0.0962779521942
8500 11 0.101353168488
8500 12 0.105460882187
8600 0 1.90734863281e-06
8600 1 0.0274438858032
8600 2 0.0320298671722
8600 3 0.0384180545807
8600 4 0.0445380210876
8600 5 0.0566968917847
8600 6 0.0590469837189
8600 7 0.0665528774261
8600 8 0.0814270973206
8600 9 0.0839231014252
8600 10 0.0863111019135
8600 11 0.0879671573639
8600 12 0.0913848876953
8700 0 1.90734863281e-06
8700 1 0.0305948257446
8700 2 0.0329990386963
8700 3 0.0395250320435
8700 4 0.0429389476776
8700 5 0.056321144104
8700 6 0.0656747817993
8700 7 0.07248711586
8700 8 0.0905239582062
8700 9 0.0924410820007
8700 10 0.0931990146637
8700 11 0.0879571437836
8700 12 0.0850768089294
8800 0 1.90734863281e-06
8800 1 0.0308549404144
8800 2 0.033460855484
8800 3 0.0287899971008
8800 4 0.0438649654388
8800 5 0.0581119060516
8800 6 0.0646080970764
8800 7 0.0734870433807
8800 8 0.0832958221436
8800 9 0.0877091884613
8800 10 0.0934748649597
8800 11 0.0895280838013
8800 12 0.105849981308
8900 0 1.90734863281e-06
8900 1 0.0293941497803
8900 2 0.0279500484467
8900 3 0.0377950668335
8900 4 0.0553231239319
8900 5 0.0476310253143
8900 6 0.0488851070404
8900 7 0.065113067627
8900 8 0.0876710414886
8900 9 0.0926761627197
8900 10 0.102864980698
8900 11 0.103032112122
8900 12 0.1153819561
9000 0 1.90734863281e-06
9000 1 0.0269999504089
9000 2 0.0331740379333
9000 3 0.0384800434113
9000 4 0.0493021011353
9000 5 0.0600690841675
9000 6 0.0648031234741
9000 7 0.0840210914612
9000 8 0.0840749740601
9000 9 0.0878601074219
9000 10 0.0959050655365
9000 11 0.108984231949
9000 12 0.108386993408
9100 0 1.90734863281e-06
9100 1 0.0271451473236
9100 2 0.0331230163574
9100 3 0.0435690879822
9100 4 0.0534739494324
9100 5 0.0584650039673
9100 6 0.0692281723022
9100 7 0.0759260654449
9100 8 0.0915851593018
9100 9 0.094269990921
9100 10 0.112136125565
9100 11 0.115151882172
9100 12 0.110527038574
9200 0 2.14576721191e-06
9200 1 0.0316548347473
9200 2 0.0267510414124
9200 3 0.0398979187012
9200 4 0.0500380992889
9200 5 0.0551788806915
9200 6 0.0660889148712
9200 7 0.0787529945374
9200 8 0.0856349468231
9200 9 0.0947167873383
9200 10 0.100217819214
9200 11 0.0927741527557
9200 12 0.111005067825
9300 0 2.86102294922e-06
9300 1 0.0273411273956
9300 2 0.0362091064453
9300 3 0.0363891124725
9300 4 0.0572988986969
9300 5 0.0572299957275
9300 6 0.0562098026276
9300 7 0.0778059959412
9300 8 0.0836300849915
9300 9 0.0934710502625
9300 10 0.110100030899
9300 11 0.113131999969
9300 12 0.129073143005
9400 0 3.09944152832e-06
9400 1 0.0293309688568
9400 2 0.0320000648499
9400 3 0.0392959117889
9400 4 0.0550420284271
9400 5 0.0595510005951
9400 6 0.0702710151672
9400 7 0.0751070976257
9400 8 0.0922009944916
9400 9 0.103771924973
9400 10 0.110055923462
9400 11 0.0990700721741
9400 12 0.115050077438
9500 0 5.00679016113e-06
9500 1 0.0335440635681
9500 2 0.0341680049896
9500 3 0.0418109893799
9500 4 0.0560791492462
9500 5 0.0660009384155
9500 6 0.0726389884949
9500 7 0.0800240039825
9500 8 0.0744650363922
9500 9 0.102555990219
9500 10 0.106314897537
9500 11 0.112847089767
9500 12 0.118761062622
9600 0 3.09944152832e-06
9600 1 0.0283989906311
9600 2 0.0365200042725
9600 3 0.0444338321686
9600 4 0.0521650314331
9600 5 0.0624408721924
9600 6 0.0695698261261
9600 7 0.0649452209473
9600 8 0.0793120861053
9600 9 0.0868239402771
9600 10 0.11173915863
9600 11 0.111399888992
9600 12 0.12405705452
9700 0 1.21593475342e-05
9700 1 0.0307130813599
9700 2 0.0353260040283
9700 3 0.041121006012
9700 4 0.0568850040436
9700 5 0.0617520809174
9700 6 0.0710999965668
9700 7 0.068018913269
9700 8 0.0865669250488
9700 9 0.105605125427
9700 10 0.113409042358
9700 11 0.101670026779
9700 12 0.122558116913
9800 0 1.90734863281e-06
9800 1 0.0315082073212
9800 2 0.033539056778
9800 3 0.0420989990234
9800 4 0.0586740970612
9800 5 0.0646409988403
9800 6 0.0758600234985
9800 7 0.078861951828
9800 8 0.0934638977051
9800 9 0.110105991364
9800 10 0.11310505867
9800 11 0.101514101028
9800 12 0.106346130371
9900 0 1.90734863281e-06
9900 1 0.0349729061127
9900 2 0.0397119522095
9900 3 0.0432050228119
9900 4 0.0562880039215
9900 5 0.0623030662537
9900 6 0.0708038806915
9900 7 0.0785429477692
9900 8 0.0967040061951
9900 9 0.110066175461
9900 10 0.110299110413
9900 11 0.120997190475
9900 12 0.1293861866
10000 0 4.05311584473e-06
10000 1 0.0317239761353
10000 2 0.0400021076202
10000 3 0.0426061153412
10000 4 0.0545320510864
10000 5 0.0682818889618
10000 6 0.0720119476318
10000 7 0.0795030593872
10000 8 0.0964369773865
10000 9 0.107534885406
10000 10 0.11261510849
10000 11 0.131659984589
10000 12 0.132261037827
10100 0 1.90734863281e-06
10100 1 0.0310881137848
10100 2 0.0357761383057
10100 3 0.043566942215
10100 4 0.0540699958801
10100 5 0.0661580562592
10100 6 0.076611995697
10100 7 0.082582950592
10100 8 0.0841989517212
10100 9 0.108756065369
10100 10 0.112863063812
10100 11 0.106794118881
10100 12 0.13581609726
10200 0 7.86781311035e-06
10200 1 0.0352010726929
10200 2 0.0356149673462
10200 3 0.0468189716339
10200 4 0.0563900470734
10200 5 0.0697040557861
10200 6 0.0768859386444
10200 7 0.0871570110321
10200 8 0.100157976151
10200 9 0.108697891235
10200 10 0.115421772003
10200 11 0.120157003403
10200 12 0.135231018066
10300 0 3.09944152832e-06
10300 1 0.0352020263672
10300 2 0.0380699634552
10300 3 0.0382959842682
10300 4 0.0568487644196
10300 5 0.0658600330353
10300 6 0.0773401260376
10300 7 0.0836660861969
10300 8 0.0995869636536
10300 9 0.109033823013
10300 10 0.123008966446
10300 11 0.121952056885
10300 12 0.132719039917
10400 0 2.14576721191e-06
10400 1 0.032096862793
10400 2 0.0416789054871
10400 3 0.0447208881378
10400 4 0.057149887085
10400 5 0.0648260116577
10400 6 0.0733280181885
10400 7 0.0751900672913
10400 8 0.0896139144897
10400 9 0.0966370105743
10400 10 0.11917591095
10400 11 0.131985902786
10400 12 0.133464813232
10500 0 1.90734863281e-06
10500 1 0.0322170257568
10500 2 0.0386500358582
10500 3 0.0478150844574
10500 4 0.0682690143585
10500 5 0.0698080062866
10500 6 0.0760898590088
10500 7 0.0946118831635
10500 8 0.102412939072
10500 9 0.1141269207
10500 10 0.122703790665
10500 11 0.132838964462
10500 12 0.132909059525
10600 0 3.09944152832e-06
10600 1 0.0347361564636
10600 2 0.0389010906219
10600 3 0.0555109977722
10600 4 0.0670509338379
10600 5 0.0701811313629
10600 6 0.0800271034241
10600 7 0.0880439281464
10600 8 0.0924701690674
10600 9 0.0988709926605
10600 10 0.10265994072
10600 11 0.114310979843
10600 12 0.116775989532
10700 0 2.86102294922e-06
10700 1 0.0380048751831
10700 2 0.0485417842865
10700 3 0.0506649017334
10700 4 0.0599601268768
10700 5 0.0682320594788
10700 6 0.0819070339203
10700 7 0.0880210399628
10700 8 0.10820889473
10700 9 0.113639116287
10700 10 0.124779939651
10700 11 0.133058071136
10700 12 0.133511066437
10800 0 2.14576721191e-06
10800 1 0.0369050502777
10800 2 0.0435841083527
10800 3 0.043251991272
10800 4 0.051805973053
10800 5 0.0693831443787
10800 6 0.079167842865
10800 7 0.0790839195251
10800 8 0.0914461612701
10800 9 0.134984016418
10800 10 0.122695922852
10800 11 0.131246089935
10800 12 0.123107910156
10900 0 3.09944152832e-06
10900 1 0.0332090854645
10900 2 0.041494846344
10900 3 0.0503311157227
10900 4 0.0666790008545
10900 5 0.0637640953064
10900 6 0.0714020729065
10900 7 0.0777308940887
10900 8 0.0947117805481
10900 9 0.102658987045
10900 10 0.108293056488
10900 11 0.110204935074
10900 12 0.138627052307
11000 0 2.86102294922e-06
11000 1 0.034481048584
11000 2 0.0458509922028
11000 3 0.047070980072
11000 4 0.061723947525
11000 5 0.0724651813507
11000 6 0.0779640674591
11000 7 0.0889370441437
11000 8 0.11319899559
11000 9 0.117840051651
11000 10 0.127200841904
11000 11 0.13280081749
11000 12 0.139664888382
11100 0 5.00679016113e-06
11100 1 0.0409791469574
11100 2 0.032233953476
11100 3 0.0457389354706
11100 4 0.0678961277008
11100 5 0.0572040081024
11100 6 0.0831489562988
11100 7 0.0945119857788
11100 8 0.104732036591
11100 9 0.11859703064
11100 10 0.12472486496
11100 11 0.136888027191
11100 12 0.149221897125
11200 0 3.09944152832e-06
11200 1 0.0340628623962
11200 2 0.0423109531403
11200 3 0.0500011444092
11200 4 0.0606329441071
11200 5 0.0771651268005
11200 6 0.0775799751282
11200 7 0.0835671424866
11200 8 0.0951268672943
11200 9 0.11576294899
11200 10 0.131228923798
11200 11 0.143025159836
11200 12 0.138906002045
11300 0 5.00679016113e-06
11300 1 0.0357120037079
11300 2 0.0388610363007
11300 3 0.0442171096802
11300 4 0.0578789710999
11300 5 0.0783910751343
11300 6 0.0876820087433
11300 7 0.101723194122
11300 8 0.103120088577
11300 9 0.121773004532
11300 10 0.131545066833
11300 11 0.144948959351
11300 12 0.149499177933
11400 0 3.09944152832e-06
11400 1 0.0381879806519
11400 2 0.0438411235809
11400 3 0.0532698631287
11400 4 0.0683069229126
11400 5 0.073921918869
11400 6 0.0758519172668
11400 7 0.0816459655762
11400 8 0.120708942413
11400 9 0.122856140137
11400 10 0.134101867676
11400 11 0.144307851791
11400 12 0.149940013885
11500 0 3.09944152832e-06
11500 1 0.0376970767975
11500 2 0.0413329601288
11500 3 0.0527098178864
11500 4 0.0647971630096
11500 5 0.076544046402
11500 6 0.0866799354553
11500 7 0.101177930832
11500 8 0.100790977478
11500 9 0.121701955795
11500 10 0.134590148926
11500 11 0.141690015793
11500 12 0.149086952209
11600 0 2.86102294922e-06
11600 1 0.0376069545746
11600 2 0.0422470569611
11600 3 0.0559659004211
11600 4 0.0689370632172
11600 5 0.0780079364777
11600 6 0.0868279933929
11600 7 0.107094049454
11600 8 0.116871118546
11600 9 0.124513149261
11600 10 0.13872885704
11600 11 0.140639066696
11600 12 0.149803876877
11700 0 1.09672546387e-05
11700 1 0.0409100055695
11700 2 0.0387330055237
11700 3 0.0493030548096
11700 4 0.071692943573
11700 5 0.0806479454041
11700 6 0.0870399475098
11700 7 0.0968990325928
11700 8 0.116534948349
11700 9 0.126525878906
11700 10 0.136125087738
11700 11 0.136125087738
11700 12 0.164938926697
11800 0 1.90734863281e-06
11800 1 0.0420980453491
11800 2 0.0470349788666
11800 3 0.0539581775665
11800 4 0.0712900161743
11800 5 0.0810401439667
11800 6 0.087306022644
11800 7 0.0995860099792
11800 8 0.124418973923
11800 9 0.119302988052
11800 10 0.133185863495
11800 11 0.148677110672
11800 12 0.156961917877
11900 0 5.00679016113e-06
11900 1 0.0387411117554
11900 2 0.0417370796204
11900 3 0.0466928482056
11900 4 0.0674991607666
11900 5 0.0771260261536
11900 6 0.0845739841461
11900 7 0.0893611907959
11900 8 0.100481033325
11900 9 0.133225917816
11900 10 0.13903594017
11900 11 0.149518966675
11900 12 0.156311988831
12000 0 1.00135803223e-05
12000 1 0.0424311161041
12000 2 0.0445411205292
12000 3 0.0572891235352
12000 4 0.066260099411
12000 5 0.0765099525452
12000 6 0.0859551429749
12000 7 0.101628065109
12000 8 0.116874933243
12000 9 0.127243041992
12000 10 0.133288860321
12000 11 0.154474973679
12000 12 0.158091068268
12100 0 1.90734863281e-06
12100 1 0.0421521663666
12100 2 0.0470929145813
12100 3 0.0505700111389
12100 4 0.0811450481415
12100 5 0.0820550918579
12100 6 0.0842838287354
12100 7 0.103916883469
12100 8 0.119970083237
12100 9 0.133061885834
12100 10 0.14066696167
12100 11 0.154227018356
12100 12 0.162122011185
12200 0 4.05311584473e-06
12200 1 0.0414710044861
12200 2 0.0496950149536
12200 3 0.0386638641357
12200 4 0.0708441734314
12200 5 0.0743520259857
12200 6 0.0795450210571
12200 7 0.0856428146362
12200 8 0.125702857971
12200 9 0.120452165604
12200 10 0.121052026749
12200 11 0.159920930862
12200 12 0.149162054062
12300 0 3.09944152832e-06
12300 1 0.0464749336243
12300 2 0.0509331226349
12300 3 0.0566248893738
12300 4 0.0700449943542
12300 5 0.0850119590759
12300 6 0.0917980670929
12300 7 0.105626106262
12300 8 0.125519990921
12300 9 0.117050886154
12300 10 0.123473167419
12300 11 0.131822109222
12300 12 0.150506019592
12400 0 2.86102294922e-06
12400 1 0.0419270992279
12400 2 0.043231010437
12400 3 0.0489821434021
12400 4 0.0608239173889
12400 5 0.0881040096283
12400 6 0.0965209007263
12400 7 0.104273796082
12400 8 0.128691911697
12400 9 0.133933067322
12400 10 0.148623943329
12400 11 0.144711017609
12400 12 0.154592990875
12500 0 2.14576721191e-06
12500 1 0.0445392131805
12500 2 0.0520119667053
12500 3 0.057226896286
12500 4 0.0785319805145
12500 5 0.0801210403442
12500 6 0.0992019176483
12500 7 0.107753038406
12500 8 0.124279022217
12500 9 0.136977910995
12500 10 0.149913072586
12500 11 0.149936914444
12500 12 0.161015987396
12600 0 9.05990600586e-06
12600 1 0.0416150093079
12600 2 0.0473649501801
12600 3 0.0454201698303
12600 4 0.0764098167419
12600 5 0.0829310417175
12600 6 0.082808971405
12600 7 0.0994100570679
12600 8 0.11835694313
12600 9 0.144277095795
12600 10 0.139194011688
12600 11 0.155591964722
12600 12 0.158641815186
12700 0 3.09944152832e-06
12700 1 0.0439870357513
12700 2 0.0505449771881
12700 3 0.0578770637512
12700 4 0.0660619735718
12700 5 0.0888299942017
12700 6 0.099837064743
12700 7 0.105289936066
12700 8 0.129663228989
12700 9 0.141915082932
12700 10 0.150750875473
12700 11 0.156893014908
12700 12 0.169193983078
12800 0 3.09944152832e-06
12800 1 0.0428879261017
12800 2 0.0548820495605
12800 3 0.0654060840607
12800 4 0.0772469043732
12800 5 0.0876219272614
12800 6 0.094554901123
12800 7 0.106177091599
12800 8 0.132313013077
12800 9 0.140476942062
12800 10 0.145311832428
12800 11 0.15602517128
12800 12 0.173561096191
12900 0 2.86102294922e-06
12900 1 0.0444841384888
12900 2 0.0516309738159
12900 3 0.0543417930603
12900 4 0.0623898506165
12900 5 0.0815939903259
12900 6 0.104776859283
12900 7 0.117063999176
12900 8 0.127216100693
12900 9 0.143572092056
12900 10 0.151507854462
12900 11 0.16641497612
12900 12 0.171580076218
13000 0 1.09672546387e-05
13000 1 0.0494420528412
13000 2 0.0528600215912
13000 3 0.0585088729858
13000 4 0.0791609287262
13000 5 0.0925378799438
13000 6 0.0993299484253
13000 7 0.108097791672
13000 8 0.134149074554
13000 9 0.143064022064
13000 10 0.152783870697
13000 11 0.138972043991
13000 12 0.145881891251
13100 0 3.09944152832e-06
13100 1 0.0529260635376
13100 2 0.0513319969177
13100 3 0.0512290000916
13100 4 0.0834000110626
13100 5 0.0863659381866
13100 6 0.104892969131
13100 7 0.117428064346
13100 8 0.124868154526
13100 9 0.152745008469
13100 10 0.15060710907
13100 11 0.153865098953
13100 12 0.182152032852
13200 0 2.86102294922e-06
13200 1 0.0464100837708
13200 2 0.0525147914886
13200 3 0.0585079193115
13200 4 0.0784389972687
13200 5 0.0920350551605
13200 6 0.101210832596
13200 7 0.114581108093
13200 8 0.135149002075
13200 9 0.149320840836
13200 10 0.17205119133
13200 11 0.165950059891
13200 12 0.173099994659
13300 0 5.96046447754e-06
13300 1 0.0495810508728
13300 2 0.0554089546204
13300 3 0.0621829032898
13300 4 0.0779421329498
13300 5 0.0876388549805
13300 6 0.100546121597
13300 7 0.113160848618
13300 8 0.115373134613
13300 9 0.130834102631
13300 10 0.135856151581
13300 11 0.147750139236
13300 12 0.149399995804
13400 0 1.90734863281e-06
13400 1 0.0408799648285
13400 2 0.0650060176849
13400 3 0.0653471946716
13400 4 0.0823400020599
13400 5 0.0933918952942
13400 6 0.105838060379
13400 7 0.122613191605
13400 8 0.135241985321
13400 9 0.150102853775
13400 10 0.137767076492
13400 11 0.166516065598
13400 12 0.177718877792
13500 0 8.10623168945e-06
13500 1 0.0458738803864
13500 2 0.0515201091766
13500 3 0.0629620552063
13500 4 0.0694499015808
13500 5 0.0960128307343
13500 6 0.089635848999
13500 7 0.115196943283
13500 8 0.140277862549
13500 9 0.153727769852
13500 10 0.163974046707
13500 11 0.174894809723
13500 12 0.17567896843
13600 0 1.90734863281e-06
13600 1 0.0480051040649
13600 2 0.0570290088654
13600 3 0.058228969574
13600 4 0.0686001777649
13600 5 0.0818221569061
13600 6 0.0898439884186
13600 7 0.10241818428
13600 8 0.121970891953
13600 9 0.127943992615
13600 10 0.156449794769
13600 11 0.182725191116
13600 12 0.181493997574
13700 0 1.90734863281e-06
13700 1 0.0478150844574
13700 2 0.0513391494751
13700 3 0.064651966095
13700 4 0.0845420360565
13700 5 0.0897250175476
13700 6 0.104340076447
13700 7 0.123062849045
13700 8 0.144134044647
13700 9 0.149401187897
13700 10 0.165797948837
13700 11 0.171406984329
13700 12 0.182279109955
13800 0 3.09944152832e-06
13800 1 0.0458989143372
13800 2 0.0544929504395
13800 3 0.0609359741211
13800 4 0.0813548564911
13800 5 0.094731092453
13800 6 0.107722043991
13800 7 0.126579999924
13800 8 0.144103050232
13800 9 0.146451234818
13800 10 0.159075975418
13800 11 0.14682507515
13800 12 0.189147949219
13900 0 3.09944152832e-06
13900 1 0.0484099388123
13900 2 0.0556128025055
13900 3 0.0688211917877
13900 4 0.0842289924622
13900 5 0.098849773407
13900 6 0.103366136551
13900 7 0.124026060104
13900 8 0.137725830078
13900 9 0.164489984512
13900 10 0.164676904678
13900 11 0.174320936203
13900 12 0.156173944473
14000 0 3.09944152832e-06
14000 1 0.0439519882202
14000 2 0.0476889610291
14000 3 0.0760200023651
14000 4 0.0816929340363
14000 5 0.0988149642944
14000 6 0.113541841507
14000 7 0.123486042023
14000 8 0.14498591423
14000 9 0.15828204155
14000 10 0.163524150848
14000 11 0.180608034134
14000 12 0.189678192139
14100 0 1.09672546387e-05
14100 1 0.0514039993286
14100 2 0.0543580055237
14100 3 0.0669128894806
14100 4 0.0866658687592
14100 5 0.0877740383148
14100 6 0.0980157852173
14100 7 0.124321937561
14100 8 0.150708913803
14100 9 0.161305904388
14100 10 0.168117046356
14100 11 0.182636022568
14100 12 0.195602893829
14200 0 2.86102294922e-06
14200 1 0.0490298271179
14200 2 0.0567288398743
14200 3 0.0660171508789
14200 4 0.0885360240936
14200 5 0.0999109745026
14200 6 0.0930800437927
14200 7 0.105452060699
14200 8 0.122441053391
14200 9 0.131693124771
14200 10 0.175013065338
14200 11 0.186007022858
14200 12 0.194814920425
14300 0 3.09944152832e-06
14300 1 0.051470041275
14300 2 0.0563340187073
14300 3 0.0580949783325
14300 4 0.0695540904999
14300 5 0.0980460643768
14300 6 0.110700845718
14300 7 0.121202945709
14300 8 0.156674861908
14300 9 0.157506942749
14300 10 0.15975189209
14300 11 0.158205986023
14300 12 0.161838054657
14400 0 2.86102294922e-06
14400 1 0.0468780994415
14400 2 0.0594689846039
14400 3 0.0679550170898
14400 4 0.0889329910278
14400 5 0.0801050662994
14400 6 0.119750976562
14400 7 0.1361079216
14400 8 0.151123046875
14400 9 0.172585964203
14400 10 0.177007913589
14400 11 0.188382148743
14400 12 0.200602054596
14500 0 3.09944152832e-06
14500 1 0.0551838874817
14500 2 0.0484628677368
14500 3 0.0620801448822
14500 4 0.0804200172424
14500 5 0.0822920799255
14500 6 0.0987501144409
14500 7 0.107429981232
14500 8 0.127058029175
14500 9 0.166864156723
14500 10 0.177175045013
14500 11 0.185206890106
14500 12 0.197890043259
14600 0 3.09944152832e-06
14600 1 0.0513548851013
14600 2 0.055193901062
14600 3 0.0591568946838
14600 4 0.0846359729767
14600 5 0.105189085007
14600 6 0.113965988159
14600 7 0.129104137421
14600 8 0.157983064651
14600 9 0.161354064941
14600 10 0.177815914154
14600 11 0.174041032791
14600 12 0.197860002518
14700 0 3.09944152832e-06
14700 1 0.0493719577789
14700 2 0.0585701465607
14700 3 0.0724980831146
14700 4 0.0817968845367
14700 5 0.0937979221344
14700 6 0.0994620323181
14700 7 0.110918045044
14700 8 0.152426958084
14700 9 0.158841133118
14700 10 0.180819034576
14700 11 0.194487094879
14700 12 0.187843799591
14800 0 2.86102294922e-06
14800 1 0.0448818206787
14800 2 0.0600488185883
14800 3 0.0716390609741
14800 4 0.0830838680267
14800 5 0.102264165878
14800 6 0.124511003494
14800 7 0.13597202301
14800 8 0.153249025345
14800 9 0.162249088287
14800 10 0.182657957077
14800 11 0.189298152924
14800 12 0.195072889328
14900 0 5.96046447754e-06
14900 1 0.0495829582214
14900 2 0.054633140564
14900 3 0.0734281539917
14900 4 0.0886790752411
14900 5 0.110592842102
14900 6 0.130584955215
14900 7 0.13337802887
14900 8 0.157705068588
14900 9 0.162995815277
14900 10 0.179399013519
14900 11 0.19727897644
14900 12 0.184099912643
15000 0 3.09944152832e-06
15000 1 0.0529160499573
15000 2 0.0612359046936
15000 3 0.072252035141
15000 4 0.0946011543274
15000 5 0.108544111252
15000 6 0.104521036148
15000 7 0.121616840363
15000 8 0.150568008423
15000 9 0.162344932556
15000 10 0.150640964508
15000 11 0.197605133057
15000 12 0.212764978409
15100 0 2.86102294922e-06
15100 1 0.0552649497986
15100 2 0.053750038147
15100 3 0.0644037723541
15100 4 0.0810749530792
15100 5 0.1106300354
15100 6 0.11908698082
15100 7 0.135396003723
15100 8 0.154290914536
15100 9 0.169332027435
15100 10 0.183105230331
15100 11 0.182095050812
15100 12 0.200045108795
15200 0 2.86102294922e-06
15200 1 0.0523171424866
15200 2 0.0559728145599
15200 3 0.0735177993774
15200 4 0.0991208553314
15200 5 0.103163003922
15200 6 0.128218889236
15200 7 0.132532119751
15200 8 0.15774512291
15200 9 0.169548034668
15200 10 0.183681964874
15200 11 0.188151836395
15200 12 0.210946798325
15300 0 3.09944152832e-06
15300 1 0.0512969493866
15300 2 0.0506310462952
15300 3 0.0768189430237
15300 4 0.075287103653
15300 5 0.110232114792
15300 6 0.117256164551
15300 7 0.144996166229
15300 8 0.170337915421
15300 9 0.169181108475
15300 10 0.18292093277
15300 11 0.20583820343
15300 12 0.209344863892
15400 0 3.09944152832e-06
15400 1 0.0489251613617
15400 2 0.0581810474396
15400 3 0.0744349956512
15400 4 0.0828359127045
15400 5 0.109581947327
15400 6 0.116282939911
15400 7 0.132217884064
15400 8 0.166316986084
15400 9 0.171638011932
15400 10 0.183811187744
15400 11 0.217223882675
15400 12 0.225337028503
15500 0 3.09944152832e-06
15500 1 0.0543229579926
15500 2 0.0587720870972
15500 3 0.0734939575195
15500 4 0.0962250232697
15500 5 0.112864017487
15500 6 0.129945039749
15500 7 0.128746986389
15500 8 0.167850971222
15500 9 0.177987098694
15500 10 0.188139200211
15500 11 0.190088033676
15500 12 0.210417985916
15600 0 3.09944152832e-06
15600 1 0.0552399158478
15600 2 0.0538980960846
15600 3 0.0647070407867
15600 4 0.0927600860596
15600 5 0.111267089844
15600 6 0.122094869614
15600 7 0.119122982025
15600 8 0.164761066437
15600 9 0.174039840698
15600 10 0.190608978271
15600 11 0.200756072998
15600 12 0.225363969803
15700 0 2.14576721191e-06
15700 1 0.0553319454193
15700 2 0.05863904953
15700 3 0.0664429664612
15700 4 0.0817899703979
15700 5 0.0920829772949
15700 6 0.105041980743
15700 7 0.13720202446
15700 8 0.165373086929
15700 9 0.165402889252
15700 10 0.191020965576
15700 11 0.201834917068
15700 12 0.211567878723
15800 0 3.81469726562e-06
15800 1 0.050696849823
15800 2 0.06312084198
15800 3 0.0727100372314
15800 4 0.102017879486
15800 5 0.105917930603
15800 6 0.126629829407
15800 7 0.138460874557
15800 8 0.164108037949
15800 9 0.167963981628
15800 10 0.186043024063
15800 11 0.204590797424
15800 12 0.217805147171
15900 0 3.09944152832e-06
15900 1 0.0552201271057
15900 2 0.0645108222961
15900 3 0.0724270343781
15900 4 0.0959279537201
15900 5 0.115003824234
15900 6 0.126275062561
15900 7 0.146632909775
15900 8 0.15132689476
15900 9 0.18107509613
15900 10 0.191158056259
15900 11 0.209494829178
15900 12 0.215857982635
16000 0 1.90734863281e-06
16000 1 0.0557589530945
16000 2 0.0600519180298
16000 3 0.073438167572
16000 4 0.0947329998016
16000 5 0.113610029221
16000 6 0.131640911102
16000 7 0.149146080017
16000 8 0.167315006256
16000 9 0.181575059891
16000 10 0.178002119064
16000 11 0.181125879288
16000 12 0.21383690834
16100 0 2.14576721191e-06
16100 1 0.0563049316406
16100 2 0.0645890235901
16100 3 0.0723249912262
16100 4 0.0956649780273
16100 5 0.114346027374
16100 6 0.131170988083
16100 7 0.146445035934
16100 8 0.171908140182
16100 9 0.179641008377
16100 10 0.192831039429
16100 11 0.208068847656
16100 12 0.187795877457
16200 0 9.05990600586e-06
16200 1 0.0576519966125
16200 2 0.0651400089264
16200 3 0.0738251209259
16200 4 0.101456880569
16200 5 0.112476825714
16200 6 0.131136894226
16200 7 0.143071174622
16200 8 0.169892072678
16200 9 0.180169820786
16200 10 0.188622951508
16200 11 0.209715843201
16200 12 0.2251060009
16300 0 2.86102294922e-06
16300 1 0.0443060398102
16300 2 0.0600159168243
16300 3 0.0778779983521
16300 4 0.0951428413391
16300 5 0.115529060364
16300 6 0.127913951874
16300 7 0.128728151321
16300 8 0.142641067505
16300 9 0.154717922211
16300 10 0.2009100914
16300 11 0.204488039017
16300 12 0.218937158585
16400 0 3.09944152832e-06
16400 1 0.0546929836273
16400 2 0.0718219280243
16400 3 0.0695588588715
16400 4 0.102784156799
16400 5 0.112209796906
16400 6 0.126754999161
16400 7 0.148823022842
16400 8 0.169677972794
16400 9 0.197067022324
16400 10 0.202678918839
16400 11 0.215841054916
16400 12 0.213018894196
16500 0 9.05990600586e-06
16500 1 0.0501248836517
16500 2 0.0638709068298
16500 3 0.0617849826813
16500 4 0.0920970439911
16500 5 0.11399102211
16500 6 0.129782915115
16500 7 0.148787021637
16500 8 0.167856931686
16500 9 0.186509847641
16500 10 0.194074869156
16500 11 0.209936141968
16500 12 0.241469860077
16600 0 2.86102294922e-06
16600 1 0.0517010688782
16600 2 0.0522239208221
16600 3 0.0818769931793
16600 4 0.104833126068
16600 5 0.117136001587
16600 6 0.132670164108
16600 7 0.148531198502
16600 8 0.168303966522
16600 9 0.186913013458
16600 10 0.204404830933
16600 11 0.221081018448
16600 12 0.221544981003
16700 0 2.14576721191e-06
16700 1 0.0541491508484
16700 2 0.0631558895111
16700 3 0.0802659988403
16700 4 0.100538015366
16700 5 0.114825963974
16700 6 0.129571914673
16700 7 0.147668123245
16700 8 0.172554016113
16700 9 0.19163608551
16700 10 0.202482938766
16700 11 0.217442989349
16700 12 0.233556985855
16800 0 1.90734863281e-06
16800 1 0.0540869235992
16800 2 0.0717010498047
16800 3 0.081298828125
16800 4 0.0977149009705
16800 5 0.110288143158
16800 6 0.130532026291
16800 7 0.144763946533
16800 8 0.170258045197
16800 9 0.18323302269
16800 10 0.22899222374
16800 11 0.290697097778
16800 12 0.417796134949
16900 0 1.90734863281e-06
16900 1 0.0519211292267
16900 2 0.0590398311615
16900 3 0.0814638137817
16900 4 0.129177093506
16900 5 0.119971036911
16900 6 0.139923810959
16900 7 0.153165102005
16900 8 0.178506851196
16900 9 0.198724031448
16900 10 0.205658912659
16900 11 0.230302810669
16900 12 0.233804941177
17000 0 2.14576721191e-06
17000 1 0.0580289363861
17000 2 0.0680840015411
17000 3 0.0731770992279
17000 4 0.108487844467
17000 5 0.120815992355
17000 6 0.134984970093
17000 7 0.149652004242
17000 8 0.178148984909
17000 9 0.19821190834
17000 10 0.214359045029
17000 11 0.215817928314
17000 12 0.221451044083
17100 0 2.86102294922e-06
17100 1 0.054780960083
17100 2 0.07199883461
17100 3 0.08154296875
17100 4 0.0899000167847
17100 5 0.121439933777
17100 6 0.143809080124
17100 7 0.145076036453
17100 8 0.182622909546
17100 9 0.206554889679
17100 10 0.206138849258
17100 11 0.231249809265
17100 12 0.223786115646
17200 0 2.86102294922e-06
17200 1 0.059741973877
17200 2 0.0626060962677
17200 3 0.0699169635773
17200 4 0.104519128799
17200 5 0.119364023209
17200 6 0.130030870438
17200 7 0.147773981094
17200 8 0.183130025864
17200 9 0.195549964905
17200 10 0.230581998825
17200 11 0.228668928146
17200 12 0.231959819794
17300 0 3.09944152832e-06
17300 1 0.0596261024475
17300 2 0.0687611103058
17300 3 0.0846350193024
17300 4 0.0902070999146
17300 5 0.123064041138
17300 6 0.13822889328
17300 7 0.155375957489
17300 8 0.179696083069
17300 9 0.197989940643
17300 10 0.213543891907
17300 11 0.228322982788
17300 12 0.227196931839
17400 0 1.90734863281e-06
17400 1 0.0610859394073
17400 2 0.0662469863892
17400 3 0.0788950920105
17400 4 0.105406999588
17400 5 0.122268915176
17400 6 0.143491029739
17400 7 0.14820599556
17400 8 0.183187007904
17400 9 0.1895570755
17400 10 0.205718994141
17400 11 0.231971979141
17400 12 0.224339962006
17500 0 1.90734863281e-06
17500 1 0.0585939884186
17500 2 0.0642628669739
17500 3 0.0778119564056
17500 4 0.105105876923
17500 5 0.128501176834
17500 6 0.147711992264
17500 7 0.155539989471
17500 8 0.181827068329
17500 9 0.201253890991
17500 10 0.221294879913
17500 11 0.218939065933
17500 12 0.235470056534
17600 0 1.90734863281e-06
17600 1 0.0604469776154
17600 2 0.0654590129852
17600 3 0.0671098232269
17600 4 0.0983250141144
17600 5 0.115525007248
17600 6 0.120660066605
17600 7 0.135987043381
17600 8 0.184757947922
17600 9 0.210947036743
17600 10 0.217485904694
17600 11 0.226547002792
17600 12 0.23700094223
17700 0 3.09944152832e-06
17700 1 0.0604000091553
17700 2 0.0685520172119
17700 3 0.0844578742981
17700 4 0.109024047852
17700 5 0.1246509552
17700 6 0.134304046631
17700 7 0.150585174561
17700 8 0.196552038193
17700 9 0.207963943481
17700 10 0.221848964691
17700 11 0.23389005661
17700 12 0.248792886734
17800 0 4.05311584473e-06
17800 1 0.063866853714
17800 2 0.0750088691711
17800 3 0.0854840278625
17800 4 0.115453958511
17800 5 0.126622915268
17800 6 0.141340017319
17800 7 0.152313947678
17800 8 0.180599927902
17800 9 0.197536945343
17800 10 0.215732812881
17800 11 0.233923912048
17800 12 0.238258838654
17900 0 4.05311584473e-06
17900 1 0.0616400241852
17900 2 0.0660741329193
17900 3 0.0753018856049
17900 4 0.0950629711151
17900 5 0.112397909164
17900 6 0.142751932144
17900 7 0.164119005203
17900 8 0.18439412117
17900 9 0.207077026367
17900 10 0.210210084915
17900 11 0.239189863205
17900 12 0.24481678009
18000 0 5.00679016113e-06
18000 1 0.0640988349915
18000 2 0.0766780376434
18000 3 0.0897061824799
18000 4 0.0932660102844
18000 5 0.104156017303
18000 6 0.14726805687
18000 7 0.165454864502
18000 8 0.186912059784
18000 9 0.199324131012
18000 10 0.223392009735
18000 11 0.235470056534
18000 12 0.247974157333
18100 0 9.77516174316e-06
18100 1 0.0604391098022
18100 2 0.0726499557495
18100 3 0.0845561027527
18100 4 0.10955786705
18100 5 0.122701883316
18100 6 0.144066810608
18100 7 0.15963602066
18100 8 0.176406145096
18100 9 0.211821079254
18100 10 0.228121042252
18100 11 0.234246969223
18100 12 0.26030087471
18200 0 3.81469726562e-06
18200 1 0.0507628917694
18200 2 0.0720410346985
18200 3 0.0795600414276
18200 4 0.092747926712
18200 5 0.127609968185
18200 6 0.144009113312
18200 7 0.165180921555
18200 8 0.200387001038
18200 9 0.150715112686
18200 10 0.244220018387
18200 11 0.249422073364
18200 12 0.255872964859
18300 0 1.90734863281e-06
18300 1 0.0640978813171
18300 2 0.0685629844666
18300 3 0.0927519798279
18300 4 0.120985984802
18300 5 0.133197069168
18300 6 0.145117998123
18300 7 0.159152030945
18300 8 0.181885957718
18300 9 0.209207057953
18300 10 0.226996898651
18300 11 0.239012002945
18300 12 0.250785112381
18400 0 1.90734863281e-06
18400 1 0.0610659122467
18400 2 0.0709371566772
18400 3 0.0828549861908
18400 4 0.114721059799
18400 5 0.132153987885
18400 6 0.14843082428
18400 7 0.169374227524
18400 8 0.166954994202
18400 9 0.210581064224
18400 10 0.235242843628
18400 11 0.247161149979
18400 12 0.255635023117
18500 0 3.09944152832e-06
18500 1 0.0693559646606
18500 2 0.0710968971252
18500 3 0.0865759849548
18500 4 0.11368393898
18500 5 0.132938146591
18500 6 0.148947954178
18500 7 0.164964914322
18500 8 0.183223962784
18500 9 0.175920009613
18500 10 0.183565139771
18500 11 0.192303180695
18500 12 0.220386981964
18600 0 6.91413879395e-06
18600 1 0.0515849590302
18600 2 0.0696749687195
18600 3 0.0958712100983
18600 4 0.120802164078
18600 5 0.133278131485
18600 6 0.15248298645
18600 7 0.164338111877
18600 8 0.198349952698
18600 9 0.2154109478
18600 10 0.229228019714
18600 11 0.247324228287
18600 12 0.251387834549
18700 0 6.91413879395e-06
18700 1 0.0620889663696
18700 2 0.0716609954834
18700 3 0.0909659862518
18700 4 0.113733768463
18700 5 0.13477897644
18700 6 0.143647909164
18700 7 0.161343097687
18700 8 0.173563957214
18700 9 0.176712989807
18700 10 0.192263841629
18700 11 0.237953901291
18700 12 0.262928009033
18800 0 5.96046447754e-06
18800 1 0.0634000301361
18800 2 0.0803849697113
18800 3 0.0907258987427
18800 4 0.126752853394
18800 5 0.114798784256
18800 6 0.130933046341
18800 7 0.14355301857
18800 8 0.173656225204
18800 9 0.182106971741
18800 10 0.196472883224
18800 11 0.20907497406
18800 12 0.220407009125
18900 0 5.96046447754e-06
18900 1 0.0552279949188
18900 2 0.0737969875336
18900 3 0.108685016632
18900 4 0.120458841324
18900 5 0.131061077118
18900 6 0.153797864914
18900 7 0.168173074722
18900 8 0.19747710228
18900 9 0.217137098312
18900 10 0.239037036896
18900 11 0.245776176453
18900 12 0.260953903198
19000 0 2.86102294922e-06
19000 1 0.0703139305115
19000 2 0.075973033905
19000 3 0.0769639015198
19000 4 0.118321895599
19000 5 0.132728815079
19000 6 0.148671865463
19000 7 0.164823055267
19000 8 0.201121091843
19000 9 0.220504999161
19000 10 0.238229990005
19000 11 0.244256019592
19000 12 0.263335943222
19100 0 4.05311584473e-06
19100 1 0.0708329677582
19100 2 0.0572781562805
19100 3 0.0920379161835
19100 4 0.119786977768
19100 5 0.137151002884
19100 6 0.14613199234
19100 7 0.177186965942
19100 8 0.204231977463
19100 9 0.21661901474
19100 10 0.229293107986
19100 11 0.25656414032
19100 12 0.246377944946
19200 0 4.05311584473e-06
19200 1 0.0662450790405
19200 2 0.0763411521912
19200 3 0.0933039188385
19200 4 0.120927095413
19200 5 0.133198976517
19200 6 0.150357961655
19200 7 0.176389932632
19200 8 0.200053930283
19200 9 0.215999126434
19200 10 0.239432811737
19200 11 0.248855113983
19200 12 0.227835178375
19300 0 1.90734863281e-06
19300 1 0.0590000152588
19300 2 0.0680871009827
19300 3 0.0956339836121
19300 4 0.114645004272
19300 5 0.133725166321
19300 6 0.1492831707
19300 7 0.176800966263
19300 8 0.205108165741
19300 9 0.219854831696
19300 10 0.239443063736
19300 11 0.256450891495
19300 12 0.275715112686
19400 0 3.09944152832e-06
19400 1 0.069051027298
19400 2 0.084331035614
19400 3 0.101071119308
19400 4 0.118957996368
19400 5 0.139143943787
19400 6 0.158344984055
19400 7 0.176829099655
19400 8 0.210999011993
19400 9 0.22159910202
19400 10 0.199521064758
19400 11 0.212936878204
19400 12 0.264108896255
19500 0 2.14576721191e-06
19500 1 0.0662291049957
19500 2 0.0783009529114
19500 3 0.0943539142609
19500 4 0.124628067017
19500 5 0.14053606987
19500 6 0.159810066223
19500 7 0.172291994095
19500 8 0.174158811569
19500 9 0.182542085648
19500 10 0.201757907867
19500 11 0.216501951218
19500 12 0.231103897095
19600 0 2.14576721191e-06
19600 1 0.0606269836426
19600 2 0.0772058963776
19600 3 0.0977339744568
19600 4 0.124665021896
19600 5 0.140615940094
19600 6 0.15213394165
19600 7 0.180150985718
19600 8 0.203459024429
19600 9 0.228324174881
19600 10 0.248522996902
19600 11 0.249726057053
19600 12 0.279095888138
19700 0 2.86102294922e-06
19700 1 0.0673949718475
19700 2 0.0784270763397
19700 3 0.0981600284576
19700 4 0.124344825745
19700 5 0.136690855026
19700 6 0.161739826202
19700 7 0.174812078476
19700 8 0.217875003815
19700 9 0.233638048172
19700 10 0.229088068008
19700 11 0.233585834503
19700 12 0.262228012085
19800 0 2.86102294922e-06
19800 1 0.0620632171631
19800 2 0.0703921318054
19800 3 0.0831398963928
19800 4 0.111847877502
19800 5 0.132201910019
19800 6 0.145830869675
19800 7 0.170634031296
19800 8 0.200496196747
19800 9 0.214803934097
19800 10 0.226944923401
19800 11 0.256215810776
19800 12 0.287349939346
19900 0 6.91413879395e-06
19900 1 0.0684270858765
19900 2 0.076150894165
19900 3 0.0968248844147
19900 4 0.117306947708
19900 5 0.133836984634
19900 6 0.14990901947
19900 7 0.167346954346
19900 8 0.204982042313
19900 9 0.211741924286
19900 10 0.237370967865
19900 11 0.24315404892
19900 12 0.26317191124
20000 0 2.14576721191e-06
20000 1 0.0648429393768
20000 2 0.0720729827881
20000 3 0.0859689712524
20000 4 0.115601062775
20000 5 0.146607160568
20000 6 0.156344890594
20000 7 0.169976949692
20000 8 0.183491945267
20000 9 0.196999073029
20000 10 0.206900835037
20000 11 0.219607114792
20000 12 0.237191915512
20100 0 2.86102294922e-06
20100 1 0.0654120445251
20100 2 0.0754070281982
20100 3 0.094575881958
20100 4 0.11905002594
20100 5 0.127192974091
20100 6 0.151841878891
20100 7 0.166418075562
20100 8 0.200001955032
20100 9 0.140924930573
20100 10 0.130360841751
20100 11 0.143020153046
20100 12 0.0943410396576
20200 0 9.53674316406e-07
20200 1 0.0330929756165
20200 2 0.0374670028687
20200 3 0.0454330444336
20200 4 0.0469529628754
20200 5 0.0648829936981
20200 6 0.112744092941
20200 7 0.15988612175
20200 8 0.202600002289
20200 9 0.215091943741
20200 10 0.231199979782
20200 11 0.248965978622
20200 12 0.266871929169
20300 0 1.90734863281e-06
20300 1 0.0676121711731
20300 2 0.0784640312195
20300 3 0.10097193718
20300 4 0.116389036179
20300 5 0.138684034348
20300 6 0.155951023102
20300 7 0.170875072479
20300 8 0.200309038162
20300 9 0.225067138672
20300 10 0.237762928009
20300 11 0.249012947083
20300 12 0.282330989838
20400 0 1.90734863281e-06
20400 1 0.0697939395905
20400 2 0.0776062011719
20400 3 0.0941700935364
20400 4 0.122653007507
20400 5 0.133916139603
20400 6 0.152044773102
20400 7 0.17686009407
20400 8 0.197741985321
20400 9 0.218389987946
20400 10 0.249899864197
20400 11 0.264928102493
20400 12 0.265845060349
20500 0 2.14576721191e-06
20500 1 0.0700600147247
20500 2 0.0778579711914
20500 3 0.090204000473
20500 4 0.125842094421
20500 5 0.138540029526
20500 6 0.160718202591
20500 7 0.166105985641
20500 8 0.21212387085
20500 9 0.220858097076
20500 10 0.248161077499
20500 11 0.261854887009
20500 12 0.270368099213
20600 0 2.86102294922e-06
20600 1 0.0716869831085
20600 2 0.0805699825287
20600 3 0.101470947266
20600 4 0.127242088318
20600 5 0.147095918655
20600 6 0.157693862915
20600 7 0.186726093292
20600 8 0.205002069473
20600 9 0.23321890831
20600 10 0.248264789581
20600 11 0.261804103851
20600 12 0.286586999893
20700 0 1.90734863281e-06
20700 1 0.0702180862427
20700 2 0.0817708969116
20700 3 0.102896928787
20700 4 0.130439996719
20700 5 0.12561917305
20700 6 0.131297111511
20700 7 0.165245056152
20700 8 0.167570114136
20700 9 0.188464164734
20700 10 0.200292110443
20700 11 0.215801954269
20700 12 0.278105974197
20800 0 3.09944152832e-06
20800 1 0.0685827732086
20800 2 0.0794060230255
20800 3 0.098356962204
20800 4 0.126155138016
20800 5 0.149542093277
20800 6 0.171187877655
20800 7 0.174343824387
20800 8 0.210237026215
20800 9 0.227178096771
20800 10 0.2367811203
20800 11 0.259371995926
20800 12 0.28879404068
20900 0 5.96046447754e-06
20900 1 0.0724868774414
20900 2 0.0804440975189
20900 3 0.106871128082
20900 4 0.12314915657
20900 5 0.144912004471
20900 6 0.164628982544
20900 7 0.176536083221
20900 8 0.206254959106
20900 9 0.23292016983
20900 10 0.26411986351
20900 11 0.280431032181
20900 12 0.277560949326
21000 0 1.4066696167e-05
21000 1 0.0744819641113
21000 2 0.0741281509399
21000 3 0.0854201316833
21000 4 0.10756611824
21000 5 0.127389907837
21000 6 0.136633872986
21000 7 0.189329862595
21000 8 0.210076093674
21000 9 0.24147605896
21000 10 0.25700211525
21000 11 0.265156984329
21000 12 0.297518968582
21100 0 1.90734863281e-06
21100 1 0.075621843338
21100 2 0.0857038497925
21100 3 0.112520933151
21100 4 0.128852128983
21100 5 0.159821987152
21100 6 0.170449018478
21100 7 0.189477920532
21100 8 0.217068195343
21100 9 0.247895956039
21100 10 0.252571105957
21100 11 0.271003007889
21100 12 0.303196191788
21200 0 9.05990600586e-06
21200 1 0.0686678886414
21200 2 0.103272914886
21200 3 0.117220878601
21200 4 0.153585910797
21200 5 0.190176010132
21200 6 0.161394119263
21200 7 0.190919160843
21200 8 0.244539022446
21200 9 0.265059947968
21200 10 0.253404140472
21200 11 0.282062768936
21200 12 0.301743030548
21300 0 2.86102294922e-06
21300 1 0.0737500190735
21300 2 0.0874421596527
21300 3 0.106405973434
21300 4 0.135501861572
21300 5 0.158402919769
21300 6 0.17701792717
21300 7 0.189348936081
21300 8 0.231441020966
21300 9 0.249855041504
21300 10 0.265547037125
21300 11 0.283231973648
21300 12 0.266088008881
21400 0 3.09944152832e-06
21400 1 0.0675799846649
21400 2 0.092376947403
21400 3 0.120217084885
21400 4 0.141071081161
21400 5 0.153289079666
21400 6 0.172736883163
21400 7 0.196094989777
21400 8 0.232257127762
21400 9 0.24226307869
21400 10 0.263314962387
21400 11 0.281882047653
21400 12 0.296606063843
21500 0 2.14576721191e-06
21500 1 0.0782239437103
21500 2 0.0884308815002
21500 3 0.11353302002
21500 4 0.141168117523
21500 5 0.161977052689
21500 6 0.171380996704
21500 7 0.220261096954
21500 8 0.235736131668
21500 9 0.26758813858
21500 10 0.272815942764
21500 11 0.28915810585
21500 12 0.298574924469
21600 0 8.10623168945e-06
21600 1 0.0775651931763
21600 2 0.095155954361
21600 3 0.0922510623932
21600 4 0.117122888565
21600 5 0.138172864914
21600 6 0.146064043045
21600 7 0.171181917191
21600 8 0.194866895676
21600 9 0.254786968231
21600 10 0.277466058731
21600 11 0.291731834412
21600 12 0.304813146591
21700 0 1.90734863281e-06
21700 1 0.0709981918335
21700 2 0.0937170982361
21700 3 0.100156068802
21700 4 0.138180017471
21700 5 0.161502122879
21700 6 0.183328151703
21700 7 0.192970991135
21700 8 0.23121714592
21700 9 0.253556013107
21700 10 0.265232086182
21700 11 0.27437710762
21700 12 0.292572975159
21800 0 2.86102294922e-06
21800 1 0.0730178356171
21800 2 0.0811710357666
21800 3 0.108726024628
21800 4 0.138984918594
21800 5 0.144710063934
21800 6 0.172166824341
21800 7 0.19952082634
21800 8 0.244310855865
21800 9 0.238484859467
21800 10 0.227891206741
21800 11 0.309544086456
21800 12 0.332872152328
21900 0 5.00679016113e-06
21900 1 0.0792880058289
21900 2 0.0904150009155
21900 3 0.0983500480652
21900 4 0.119951963425
21900 5 0.146502971649
21900 6 0.185999155045
21900 7 0.201269865036
21900 8 0.243098020554
21900 9 0.280329942703
21900 10 0.339671134949
21900 11 0.337797164917
21900 12 0.298377990723
22000 0 3.09944152832e-06
22000 1 0.0841999053955
22000 2 0.12961602211
22000 3 0.173274993896
22000 4 0.164253950119
22000 5 0.16827082634
22000 6 0.188328027725
22000 7 0.199172019958
22000 8 0.247388124466
22000 9 0.262233018875
22000 10 0.296645879745
22000 11 0.280655860901
22000 12 0.311796188354
22100 0 4.05311584473e-06
22100 1 0.078812122345
22100 2 0.0927240848541
22100 3 0.106500148773
22100 4 0.147392034531
22100 5 0.159925937653
22100 6 0.17448592186
22100 7 0.201425075531
22100 8 0.219070196152
22100 9 0.241779088974
22100 10 0.237348079681
22100 11 0.264930009842
22100 12 0.307780981064
22200 0 2.86102294922e-06
22200 1 0.0739591121674
22200 2 0.0941350460052
22200 3 0.114621162415
22200 4 0.143368005753
22200 5 0.164213895798
22200 6 0.176851034164
22200 7 0.204070091248
22200 8 0.211878061295
22200 9 0.261061906815
22200 10 0.280302047729
22200 11 0.265439987183
22200 12 0.296142101288
22300 0 2.14576721191e-06
22300 1 0.0713930130005
22300 2 0.0877759456635
22300 3 0.106285810471
22300 4 0.141043186188
22300 5 0.166054964066
22300 6 0.166090011597
22300 7 0.195626020432
22300 8 0.250295162201
22300 9 0.280310869217
22300 10 0.256910085678
22300 11 0.280299901962
22300 12 0.311899900436
22400 0 2.14576721191e-06
22400 1 0.0714190006256
22400 2 0.0931940078735
22400 3 0.11265206337
22400 4 0.140823841095
22400 5 0.147191047668
22400 6 0.185811042786
22400 7 0.20401096344
22400 8 0.248314857483
22400 9 0.255474805832
22400 10 0.293834924698
22400 11 0.271713018417
22400 12 0.289273023605
22500 0 3.09944152832e-06
22500 1 0.0811400413513
22500 2 0.0914881229401
22500 3 0.108200073242
22500 4 0.142306089401
22500 5 0.141448974609
22500 6 0.180680036545
22500 7 0.201907873154
22500 8 0.246846914291
22500 9 0.265902996063
22500 10 0.254581928253
22500 11 0.269005060196
22500 12 0.301378965378
22600 0 6.19888305664e-06
22600 1 0.0812740325928
22600 2 0.0770678520203
22600 3 0.104443073273
22600 4 0.13525891304
22600 5 0.156999111176
22600 6 0.181144952774
22600 7 0.219089031219
22600 8 0.214461088181
22600 9 0.226838827133
22600 10 0.25119805336
22600 11 0.298248052597
22600 12 0.301827192307
22700 0 2.86102294922e-06
22700 1 0.0755000114441
22700 2 0.0865039825439
22700 3 0.113649845123
22700 4 0.15200304985
22700 5 0.163525104523
22700 6 0.183572053909
22700 7 0.200001955032
22700 8 0.23214006424
22700 9 0.230916976929
22700 10 0.286411046982
22700 11 0.274708986282
22700 12 0.311326980591
22800 0 7.15255737305e-06
22800 1 0.0770649909973
22800 2 0.0878469944
22800 3 0.12306189537
22800 4 0.145351886749
22800 5 0.170279979706
22800 6 0.173596143723
22800 7 0.183837890625
22800 8 0.220918893814
22800 9 0.24878692627
22800 10 0.286523103714
22800 11 0.269444942474
22800 12 0.318577051163
22900 0 5.00679016113e-06
22900 1 0.0703427791595
22900 2 0.0949220657349
22900 3 0.0995018482208
22900 4 0.141384124756
22900 5 0.145956993103
22900 6 0.17786192894
22900 7 0.190276861191
22900 8 0.252300024033
22900 9 0.265518903732
22900 10 0.282685041428
22900 11 0.302441120148
22900 12 0.317887067795
23000 0 9.05990600586e-06
23000 1 0.0822200775146
23000 2 0.0995309352875
23000 3 0.102658033371
23000 4 0.127574920654
23000 5 0.14061498642
23000 6 0.162275075912
23000 7 0.173501014709
23000 8 0.215109109879
23000 9 0.226786136627
23000 10 0.249554157257
23000 11 0.266212940216
23000 12 0.326261043549
23100 0 1.09672546387e-05
23100 1 0.0849781036377
23100 2 0.0967099666595
23100 3 0.118330955505
23100 4 0.136876821518
23100 5 0.169534921646
23100 6 0.179678916931
23100 7 0.225573062897
23100 8 0.253874063492
23100 9 0.268048048019
23100 10 0.288769960403
23100 11 0.316253900528
23100 12 0.313967943192
23200 0 9.05990600586e-06
23200 1 0.0784528255463
23200 2 0.101307868958
23200 3 0.116800069809
23200 4 0.140667915344
23200 5 0.164946079254
23200 6 0.194423913956
23200 7 0.187622070312
23200 8 0.227895021439
23200 9 0.282495975494
23200 10 0.289692878723
23200 11 0.316060066223
23200 12 0.333733081818
23300 0 4.05311584473e-06
23300 1 0.0859179496765
23300 2 0.0935640335083
23300 3 0.118060827255
23300 4 0.149755954742
23300 5 0.180912017822
23300 6 0.194358110428
23300 7 0.216398954391
23300 8 0.2554500103
23300 9 0.273241996765
23300 10 0.297652006149
23300 11 0.310451984406
23300 12 0.338160991669
23400 0 1.00135803223e-05
23400 1 0.0859971046448
23400 2 0.0847079753876
23400 3 0.105438947678
23400 4 0.128014087677
23400 5 0.18334197998
23400 6 0.195770978928
23400 7 0.220057964325
23400 8 0.260666131973
23400 9 0.272114038467
23400 10 0.303723096848
23400 11 0.323116064072
23400 12 0.363071918488
23500 0 5.00679016113e-06
23500 1 0.0819890499115
23500 2 0.102324008942
23500 3 0.117990970612
23500 4 0.152941942215
23500 5 0.171605110168
23500 6 0.204211950302
23500 7 0.217292070389
23500 8 0.260387897491
23500 9 0.283401966095
23500 10 0.307186126709
23500 11 0.291783094406
23500 12 0.335181951523
23600 0 5.96046447754e-06
23600 1 0.0905108451843
23600 2 0.0938260555267
23600 3 0.11217713356
23600 4 0.128493070602
23600 5 0.175427913666
23600 6 0.197488069534
23600 7 0.215662956238
23600 8 0.262048959732
23600 9 0.283571958542
23600 10 0.31537604332
23600 11 0.315431118011
23600 12 0.323339939117
23700 0 2.14576721191e-06
23700 1 0.0833759307861
23700 2 0.108579158783
23700 3 0.125253915787
23700 4 0.156657934189
23700 5 0.178277015686
23700 6 0.196564912796
23700 7 0.242841959
23700 8 0.225652933121
23700 9 0.238834142685
23700 10 0.261367082596
23700 11 0.2701151371
23700 12 0.333005905151
23800 0 1.90734863281e-06
23800 1 0.0877530574799
23800 2 0.106384038925
23800 3 0.130951166153
23800 4 0.16542506218
23800 5 0.182452917099
23800 6 0.190832853317
23800 7 0.19513297081
23800 8 0.276207923889
23800 9 0.298239946365
23800 10 0.310066223145
23800 11 0.33152794838
23800 12 0.348714828491
23900 0 3.09944152832e-06
23900 1 0.0901720523834
23900 2 0.0989739894867
23900 3 0.121433973312
23900 4 0.15757393837
23900 5 0.177120923996
23900 6 0.195203065872
23900 7 0.231662034988
23900 8 0.232342004776
23900 9 0.253452062607
23900 10 0.275151968002
23900 11 0.318799972534
23900 12 0.306725978851
24000 0 4.05311584473e-06
24000 1 0.0868201255798
24000 2 0.101799964905
24000 3 0.120256900787
24000 4 0.153408050537
24000 5 0.177169084549
24000 6 0.194864034653
24000 7 0.212980031967
24000 8 0.266469955444
24000 9 0.269326925278
24000 10 0.289901018143
24000 11 0.303606033325
24000 12 0.344445943832
24100 0 3.09944152832e-06
24100 1 0.0786941051483
24100 2 0.098778963089
24100 3 0.116811037064
24100 4 0.15311217308
24100 5 0.17386007309
24100 6 0.197506904602
24100 7 0.214090108871
24100 8 0.254133939743
24100 9 0.281174898148
24100 10 0.300368070602
24100 11 0.299655914307
24100 12 0.320837974548
24200 0 2.14576721191e-06
24200 1 0.0833170413971
24200 2 0.097669839859
24200 3 0.12078499794
24200 4 0.145625829697
24200 5 0.174742937088
24200 6 0.195839166641
24200 7 0.218232870102
24200 8 0.255709886551
24200 9 0.283494949341
24200 10 0.316650867462
24200 11 0.328611850739
24200 12 0.34670996666
24300 0 3.09944152832e-06
24300 1 0.0819010734558
24300 2 0.101541996002
24300 3 0.114735841751
24300 4 0.150749921799
24300 5 0.176373958588
24300 6 0.203324079514
24300 7 0.227671861649
24300 8 0.256215810776
24300 9 0.28621506691
24300 10 0.302210092545
24300 11 0.328033924103
24300 12 0.334528923035
24400 0 1.90734863281e-06
24400 1 0.08855509758
24400 2 0.10073018074
24400 3 0.117498159409
24400 4 0.151648044586
24400 5 0.180576086044
24400 6 0.191519975662
24400 7 0.222136974335
24400 8 0.249572038651
24400 9 0.288001060486
24400 10 0.302696943283
24400 11 0.329724788666
24400 12 0.342298984528
24500 0 2.14576721191e-06
24500 1 0.0841648578644
24500 2 0.0960199832916
24500 3 0.121871948242
24500 4 0.161595821381
24500 5 0.174281835556
24500 6 0.193387985229
24500 7 0.221192121506
24500 8 0.263484954834
24500 9 0.295814037323
24500 10 0.304497003555
24500 11 0.325805902481
24500 12 0.323225021362
24600 0 3.09944152832e-06
24600 1 0.0878210067749
24600 2 0.103229045868
24600 3 0.118093013763
24600 4 0.154139995575
24600 5 0.175040006638
24600 6 0.195806980133
24600 7 0.218420982361
24600 8 0.267775058746
24600 9 0.284922122955
24600 10 0.302404880524
24600 11 0.322679042816
24600 12 0.343373060226
24700 0 2.86102294922e-06
24700 1 0.087023973465
24700 2 0.100857019424
24700 3 0.119621992111
24700 4 0.149657964706
24700 5 0.181142091751
24700 6 0.19709610939
24700 7 0.21681022644
24700 8 0.261218070984
24700 9 0.280535936356
24700 10 0.311543941498
24700 11 0.320756912231
24700 12 0.343485116959
24800 0 1.90734863281e-06
24800 1 0.0797200202942
24800 2 0.0993120670319
24800 3 0.126129150391
24800 4 0.146700143814
24800 5 0.172523021698
24800 6 0.201765060425
24800 7 0.216873884201
24800 8 0.263831138611
24800 9 0.282681941986
24800 10 0.294868946075
24800 11 0.316027164459
24800 12 0.332103013992
24900 0 1.90734863281e-06
24900 1 0.0849080085754
24900 2 0.0997560024261
24900 3 0.126466989517
24900 4 0.153495073318
24900 5 0.171581983566
24900 6 0.2090280056
24900 7 0.224033117294
24900 8 0.273920059204
24900 9 0.291286945343
24900 10 0.311161994934
24900 11 0.333317995071
24900 12 0.349941968918
25000 0 3.09944152832e-06
25000 1 0.0817022323608
25000 2 0.10524892807
25000 3 0.126286029816
25000 4 0.152971029282
25000 5 0.176219940186
25000 6 0.202734947205
25000 7 0.221452951431
25000 8 0.270555973053
25000 9 0.288703918457
25000 10 0.315762996674
25000 11 0.326027870178
25000 12 0.344295978546
25100 0 2.86102294922e-06
25100 1 0.0894260406494
25100 2 0.102823019028
25100 3 0.117144823074
25100 4 0.148674964905
25100 5 0.171700954437
25100 6 0.203630924225
25100 7 0.237634897232
25100 8 0.267529964447
25100 9 0.287891149521
25100 10 0.310567140579
25100 11 0.330734968185
25100 12 0.353024959564
25200 0 3.09944152832e-06
25200 1 0.0875070095062
25200 2 0.0993988513947
25200 3 0.121011018753
25200 4 0.155115127563
25200 5 0.182322025299
25200 6 0.194412946701
25200 7 0.228532075882
25200 8 0.277089834213
25200 9 0.286005973816
25200 10 0.315852165222
25200 11 0.333787918091
25200 12 0.361034154892
25300 0 5.96046447754e-06
25300 1 0.0901660919189
25300 2 0.103600025177
25300 3 0.126676797867
25300 4 0.156262159348
25300 5 0.192667961121
25300 6 0.197324037552
25300 7 0.229449987411
25300 8 0.265532016754
25300 9 0.292693853378
25300 10 0.3192050457
25300 11 0.340296030045
25300 12 0.335566043854
25400 0 1.90734863281e-06
25400 1 0.0885410308838
25400 2 0.100214958191
25400 3 0.125435829163
25400 4 0.16045999527
25400 5 0.187815189362
25400 6 0.204680919647
25400 7 0.228274106979
25400 8 0.263437986374
25400 9 0.299269199371
25400 10 0.316009998322
25400 11 0.352149009705
25400 12 0.350733995438
25500 0 3.09944152832e-06
25500 1 0.0909640789032
25500 2 0.106390953064
25500 3 0.126297950745
25500 4 0.158216953278
25500 5 0.183449029922
25500 6 0.207170963287
25500 7 0.197293043137
25500 8 0.258361101151
25500 9 0.292526006699
25500 10 0.321378946304
25500 11 0.342315196991
25500 12 0.335968017578
25600 0 1.90734863281e-06
25600 1 0.0873849391937
25600 2 0.10039806366
25600 3 0.124392986298
25600 4 0.152303934097
25600 5 0.181080102921
25600 6 0.219447851181
25600 7 0.24091386795
25600 8 0.276239871979
25600 9 0.312628984451
25600 10 0.316061019897
25600 11 0.34827709198
25600 12 0.347056865692
25700 0 2.86102294922e-06
25700 1 0.0863139629364
25700 2 0.105152845383
25700 3 0.129359006882
25700 4 0.163722038269
25700 5 0.177956104279
25700 6 0.21212887764
25700 7 0.221861124039
25700 8 0.267004013062
25700 9 0.297482013702
25700 10 0.313288927078
25700 11 0.334686994553
25700 12 0.36021399498
25800 0 1.00135803223e-05
25800 1 0.0878520011902
25800 2 0.106499195099
25800 3 0.134917974472
25800 4 0.162422895432
25800 5 0.188808917999
25800 6 0.214142084122
25800 7 0.235094070435
25800 8 0.267390966415
25800 9 0.303557872772
25800 10 0.328625917435
25800 11 0.338349819183
25800 12 0.30791592598
25900 0 3.09944152832e-06
25900 1 0.0790410041809
25900 2 0.105132818222
25900 3 0.130057096481
25900 4 0.153887033463
25900 5 0.182218074799
25900 6 0.215492010117
25900 7 0.242211103439
25900 8 0.271315097809
25900 9 0.309724092484
25900 10 0.331416845322
25900 11 0.349931001663
25900 12 0.352676868439
26000 0 1.90734863281e-06
26000 1 0.0938019752502
26000 2 0.102483034134
26000 3 0.113173007965
26000 4 0.154970169067
26000 5 0.185917139053
26000 6 0.215292930603
26000 7 0.241789102554
26000 8 0.284912824631
26000 9 0.3039290905
26000 10 0.32700586319
26000 11 0.338996171951
26000 12 0.357681035995
26100 0 2.86102294922e-06
26100 1 0.0871500968933
26100 2 0.110141992569
26100 3 0.124459981918
26100 4 0.162969112396
26100 5 0.187484025955
26100 6 0.211585998535
26100 7 0.241792917252
26100 8 0.275589227676
26100 9 0.288473129272
26100 10 0.279689788818
26100 11 0.313264846802
26100 12 0.342638015747
26200 0 3.09944152832e-06
26200 1 0.0949418544769
26200 2 0.103881835938
26200 3 0.130315065384
26200 4 0.157058954239
26200 5 0.182533979416
26200 6 0.21419095993
26200 7 0.237297058105
26200 8 0.288542032242
26200 9 0.283847093582
26200 10 0.323569059372
26200 11 0.364088058472
26200 12 0.375953912735
26300 0 1.90734863281e-06
26300 1 0.0940961837769
26300 2 0.105921983719
26300 3 0.132748842239
26300 4 0.166388034821
26300 5 0.182522058487
26300 6 0.213823795319
26300 7 0.237921953201
26300 8 0.276923894882
26300 9 0.264961004257
26300 10 0.321035146713
26300 11 0.340889930725
26300 12 0.363256216049
26400 0 4.05311584473e-06
26400 1 0.090546131134
26400 2 0.112345933914
26400 3 0.131850004196
26400 4 0.158295154572
26400 5 0.194503068924
26400 6 0.218441963196
26400 7 0.236122846603
26400 8 0.290546894073
26400 9 0.298330068588
26400 10 0.325256109238
26400 11 0.355190038681
26400 12 0.367130994797
26500 0 2.86102294922e-06
26500 1 0.088320016861
26500 2 0.110327005386
26500 3 0.134544849396
26500 4 0.166873931885
26500 5 0.187772035599
26500 6 0.229890108109
26500 7 0.247708082199
26500 8 0.285004854202
26500 9 0.31062912941
26500 10 0.328438043594
26500 11 0.366907119751
26500 12 0.369657993317
26600 0 2.14576721191e-06
26600 1 0.0952320098877
26600 2 0.109679937363
26600 3 0.137216091156
26600 4 0.167661905289
26600 5 0.18591594696
26600 6 0.218240022659
26600 7 0.241259098053
26600 8 0.290549993515
26600 9 0.317240953445
26600 10 0.336244106293
26600 11 0.362269878387
26600 12 0.311996936798
26700 0 5.96046447754e-06
26700 1 0.0786800384521
26700 2 0.0935080051422
26700 3 0.136563062668
26700 4 0.16926908493
26700 5 0.190474033356
26700 6 0.222589015961
26700 7 0.236921072006
26700 8 0.295166969299
26700 9 0.303753137589
26700 10 0.339583873749
26700 11 0.351494073868
26700 12 0.370803833008
26800 0 5.00679016113e-06
26800 1 0.0950841903687
26800 2 0.114590883255
26800 3 0.134407997131
26800 4 0.156685113907
26800 5 0.194730997086
26800 6 0.222150087357
26800 7 0.243427038193
26800 8 0.296044111252
26800 9 0.305701971054
26800 10 0.341209888458
26800 11 0.357976913452
26800 12 0.384536981583
26900 0 1.19209289551e-05
26900 1 0.0924730300903
26900 2 0.110063076019
26900 3 0.134019851685
26900 4 0.169317960739
26900 5 0.197270870209
26900 6 0.2124979496
26900 7 0.251061916351
26900 8 0.286408185959
26900 9 0.319216012955
26900 10 0.346571922302
26900 11 0.358422040939
26900 12 0.371382951736
27000 0 8.10623168945e-06
27000 1 0.0921728610992
27000 2 0.104687929153
27000 3 0.13259601593
27000 4 0.166245937347
27000 5 0.192761182785
27000 6 0.223963022232
27000 7 0.249902009964
27000 8 0.293920040131
27000 9 0.315567016602
27000 10 0.338613033295
27000 11 0.370085954666
27000 12 0.379575014114
27100 0 2.86102294922e-06
27100 1 0.0974390506744
27100 2 0.105983972549
27100 3 0.144087791443
27100 4 0.17197394371
27100 5 0.200798034668
27100 6 0.219253063202
27100 7 0.251725912094
27100 8 0.294121026993
27100 9 0.305488109589
27100 10 0.340804100037
27100 11 0.359707832336
27100 12 0.392379045486
27200 0 1.90734863281e-06
27200 1 0.0998749732971
27200 2 0.111899137497
27200 3 0.138231992722
27200 4 0.167622089386
27200 5 0.140264034271
27200 6 0.165917158127
27200 7 0.166634082794
27200 8 0.197734832764
27200 9 0.155689001083
27200 10 0.115822076797
27200 11 0.1251039505
27200 12 0.115291118622
27300 0 1.90734863281e-06
27300 1 0.0440890789032
27300 2 0.0775620937347
27300 3 0.0871369838715
27300 4 0.115447044373
27300 5 0.137593984604
27300 6 0.128209114075
27300 7 0.152114152908
27300 8 0.156449079514
27300 9 0.10263299942
27300 10 0.197776079178
27300 11 0.234022855759
27300 12 0.234021186829
27400 0 2.14576721191e-06
27400 1 0.0663139820099
27400 2 0.0517199039459
27400 3 0.0493547916412
27400 4 0.0616760253906
27400 5 0.0656788349152
27400 6 0.0714480876923
27400 7 0.135340929031
27400 8 0.18185210228
27400 9 0.208937883377
27400 10 0.116761922836
27400 11 0.120750904083
27400 12 0.120845079422
27500 0 1.19209289551e-06
27500 1 0.0400879383087
27500 2 0.048180103302
27500 3 0.0863718986511
27500 4 0.0956590175629
27500 5 0.111181020737
27500 6 0.151302099228
27500 7 0.110548019409
27500 8 0.198037147522
27500 9 0.134244918823
27500 10 0.16561794281
27500 11 0.115491867065
27500 12 0.127049922943
27600 0 2.14576721191e-06
27600 1 0.0513200759888
27600 2 0.0436110496521
27600 3 0.0509440898895
27600 4 0.0628819465637
27600 5 0.067421913147
27600 6 0.0761580467224
27600 7 0.0833420753479
27600 8 0.0995969772339
27600 9 0.147011041641
27600 10 0.113684177399
27600 11 0.122452974319
27600 12 0.123664140701
27700 0 9.53674316406e-07
27700 1 0.0436630249023
27700 2 0.0524191856384
27700 3 0.0835258960724
27700 4 0.0908060073853
27700 5 0.0715758800507
27700 6 0.0760798454285
27700 7 0.0864179134369
27700 8 0.095901966095
27700 9 0.100066900253
27700 10 0.108847141266
27700 11 0.114516019821
27700 12 0.132094860077
27800 0 9.53674316406e-07
27800 1 0.0413520336151
27800 2 0.0446848869324
27800 3 0.055743932724
27800 4 0.06232380867
27800 5 0.0703258514404
27800 6 0.0766339302063
27800 7 0.0900700092316
27800 8 0.0973801612854
27800 9 0.102854967117
27800 10 0.110180854797
27800 11 0.117719173431
27800 12 0.123744010925
27900 0 1.19209289551e-06
27900 1 0.041167974472
27900 2 0.0435800552368
27900 3 0.050176858902
27900 4 0.0604059696198
27900 5 0.0672688484192
27900 6 0.0854849815369
27900 7 0.0875649452209
27900 8 0.098443031311
27900 9 0.10463809967
27900 10 0.109407901764
27900 11 0.114351987839
27900 12 0.126106977463
28000 0 9.53674316406e-07
28000 1 0.0409801006317
28000 2 0.0428218841553
28000 3 0.0512461662292
28000 4 0.0612668991089
28000 5 0.0698969364166
28000 6 0.0842242240906
28000 7 0.0851888656616
28000 8 0.0965311527252
28000 9 0.105016946793
28000 10 0.109265089035
28000 11 0.123034000397
28000 12 0.122402906418
28100 0 9.53674316406e-07
28100 1 0.0410380363464
28100 2 0.042827129364
28100 3 0.0501909255981
28100 4 0.0594339370728
28100 5 0.0688819885254
28100 6 0.0802059173584
28100 7 0.0877330303192
28100 8 0.0975658893585
28100 9 0.100813865662
28100 10 0.109408855438
28100 11 0.116697072983
28100 12 0.124763011932
28200 0 9.53674316406e-07
28200 1 0.0412409305573
28200 2 0.0438859462738
28200 3 0.0496940612793
28200 4 0.0595948696136
28200 5 0.0697150230408
28200 6 0.086245059967
28200 7 0.0989820957184
28200 8 0.0975601673126
28200 9 0.102458953857
28200 10 0.110081195831
28200 11 0.115985155106
28200 12 0.122210979462
28300 0 1.19209289551e-06
28300 1 0.0521759986877
28300 2 0.0429759025574
28300 3 0.0537910461426
28300 4 0.0616610050201
28300 5 0.0708129405975
28300 6 0.0878598690033
28300 7 0.0851109027863
28300 8 0.0934600830078
28300 9 0.0996489524841
28300 10 0.104828119278
28300 11 0.128232955933
28300 12 0.12433719635
28400 0 9.53674316406e-07
28400 1 0.0421550273895
28400 2 0.0434601306915
28400 3 0.0527210235596
28400 4 0.0615611076355
28400 5 0.0684809684753
28400 6 0.0865559577942
28400 7 0.0894060134888
28400 8 0.0959670543671
28400 9 0.100670814514
28400 10 0.107607126236
28400 11 0.113791942596
28400 12 0.130534887314
28500 0 1.19209289551e-06
28500 1 0.0421547889709
28500 2 0.0445737838745
28500 3 0.0497901439667
28500 4 0.0606050491333
28500 5 0.0726220607758
28500 6 0.0819110870361
28500 7 0.0848338603973
28500 8 0.100587129593
28500 9 0.114993810654
28500 10 0.113867044449
28500 11 0.123668909073
28500 12 0.131016969681
28600 0 1.90734863281e-06
28600 1 0.0434381961823
28600 2 0.0433139801025
28600 3 0.0525560379028
28600 4 0.108763933182
28600 5 0.151518821716
28600 6 0.153290987015
28600 7 0.195075035095
28600 8 0.231999158859
28600 9 0.23454785347
28600 10 0.264637947083
28600 11 0.213385105133
28600 12 0.13655090332
28700 0 1.90734863281e-06
28700 1 0.043240070343
28700 2 0.0449688434601
28700 3 0.053966999054
28700 4 0.0624289512634
28700 5 0.071408033371
28700 6 0.0811278820038
28700 7 0.0877909660339
28700 8 0.096645116806
28700 9 0.117882013321
28700 10 0.172678947449
28700 11 0.199117183685
28700 12 0.19055891037
28800 0 2.14576721191e-06
28800 1 0.0595350265503
28800 2 0.0688860416412
28800 3 0.074362039566
28800 4 0.0793101787567
28800 5 0.0847089290619
28800 6 0.0972340106964
28800 7 0.107555866241
28800 8 0.122818946838
28800 9 0.17960691452
28800 10 0.187514781952
28800 11 0.171623945236
28800 12 0.151945114136
28900 0 1.90734863281e-06
28900 1 0.0459771156311
28900 2 0.0621480941772
28900 3 0.0741548538208
28900 4 0.0771760940552
28900 5 0.0801799297333
28900 6 0.0823938846588
28900 7 0.0919010639191
28900 8 0.104959964752
28900 9 0.137821912766
28900 10 0.147800922394
28900 11 0.126321077347
28900 12 0.123293161392
29000 0 1.19209289551e-06
29000 1 0.0449800491333
29000 2 0.0455460548401
29000 3 0.0520370006561
29000 4 0.0641808509827
29000 5 0.0722649097443
29000 6 0.0877499580383
29000 7 0.0864491462708
29000 8 0.104623794556
29000 9 0.135308027267
29000 10 0.120994091034
29000 11 0.123512983322
29000 12 0.136168003082
29100 0 1.90734863281e-06
29100 1 0.04363322258
29100 2 0.0453600883484
29100 3 0.0551149845123
29100 4 0.0634200572968
29100 5 0.0846240520477
29100 6 0.104829072952
29100 7 0.102795124054
29100 8 0.122019052505
29100 9 0.13175201416
29100 10 0.118961811066
29100 11 0.124205112457
29100 12 0.123126983643
29200 0 2.14576721191e-06
29200 1 0.042289018631
29200 2 0.0477828979492
29200 3 0.05411195755
29200 4 0.0653648376465
29200 5 0.0725729465485
29200 6 0.0811631679535
29200 7 0.0854160785675
29200 8 0.113098144531
29200 9 0.110469102859
29200 10 0.117920875549
29200 11 0.129316091537
29200 12 0.135476112366
29300 0 1.90734863281e-06
29300 1 0.0445499420166
29300 2 0.0446979999542
29300 3 0.0532419681549
29300 4 0.0643489360809
29300 5 0.0726981163025
29300 6 0.0805809497833
29300 7 0.0911459922791
29300 8 0.107810974121
29300 9 0.116542100906
29300 10 0.13711309433
29300 11 0.132694959641
29300 12 0.139693021774
29400 0 9.53674316406e-07
29400 1 0.0427219867706
29400 2 0.0457019805908
29400 3 0.0525319576263
29400 4 0.0684750080109
29400 5 0.0961678028107
29400 6 0.117311954498
29400 7 0.103561878204
29400 8 0.158334970474
29400 9 0.157634019852
29400 10 0.134294986725
29400 11 0.135995864868
29400 12 0.142035961151
29500 0 9.53674316406e-07
29500 1 0.0493259429932
29500 2 0.0512359142303
29500 3 0.0596771240234
29500 4 0.0737769603729
29500 5 0.0829229354858
29500 6 0.0928430557251
29500 7 0.100215911865
29500 8 0.137259960175
29500 9 0.160362958908
29500 10 0.179005861282
29500 11 0.143405199051
29500 12 0.153091907501
29600 0 1.90734863281e-06
29600 1 0.0445590019226
29600 2 0.0464169979095
29600 3 0.0513470172882
29600 4 0.0586159229279
29600 5 0.0659511089325
29600 6 0.0768032073975
29600 7 0.0873548984528
29600 8 0.0954351425171
29600 9 0.103549003601
29600 10 0.110665082932
29600 11 0.120001077652
29600 12 0.152549028397
29700 0 9.53674316406e-07
29700 1 0.045361995697
29700 2 0.0448708534241
29700 3 0.0537259578705
29700 4 0.064022064209
29700 5 0.0746891498566
29700 6 0.0826029777527
29700 7 0.0933809280396
29700 8 0.105324029922
29700 9 0.116333961487
29700 10 0.124975919724
29700 11 0.13206911087
29700 12 0.140806913376
29800 0 9.53674316406e-07
29800 1 0.0428688526154
29800 2 0.0446708202362
29800 3 0.0563349723816
29800 4 0.0738918781281
29800 5 0.0772681236267
29800 6 0.0797319412231
29800 7 0.0813360214233
29800 8 0.100306034088
29800 9 0.110286951065
29800 10 0.125051021576
29800 11 0.134927988052
29800 12 0.127166032791
29900 0 9.53674316406e-07
29900 1 0.03746509552
29900 2 0.0427181720734
29900 3 0.0519371032715
29900 4 0.0632441043854
29900 5 0.0687611103058
29900 6 0.07768201828
29900 7 0.0888931751251
29900 8 0.10178399086
29900 9 0.109272956848
29900 10 0.122496128082
29900 11 0.126235961914
29900 12 0.131609916687
30000 0 9.53674316406e-07
30000 1 0.0413599014282
30000 2 0.0442590713501
30000 3 0.0514090061188
30000 4 0.0761520862579
30000 5 0.0865578651428
30000 6 0.113494873047
30000 7 0.132180929184
30000 8 0.124454975128
30000 9 0.11934709549
30000 10 0.112957954407
30000 11 0.127390146255
30000 12 0.126454114914
