0 0 3.09944152832e-06
0 1 3.09944152832e-06
0 2 1.90734863281e-06
0 3 9.53674316406e-07
0 4 1.90734863281e-06
0 5 9.53674316406e-07
0 6 9.53674316406e-07
0 7 9.53674316406e-07
0 8 2.14576721191e-06
0 9 9.53674316406e-07
0 10 9.53674316406e-07
0 11 2.14576721191e-06
0 12 9.53674316406e-07
100 0 2.14576721191e-06
100 1 0.000123023986816
100 2 0.00129795074463
100 3 0.00650596618652
100 4 0.00787091255188
100 5 0.00897192955017
100 6 0.0104820728302
100 7 0.00894904136658
100 8 0.00998497009277
100 9 0.0120730400085
100 10 0.011314868927
100 11 0.0112619400024
100 12 0.00927305221558
200 0 3.09944152832e-06
200 1 0.000361919403076
200 2 0.00491690635681
200 3 0.0444469451904
200 4 0.091493844986
200 5 0.108184099197
200 6 0.131500005722
200 7 0.101500988007
200 8 0.0963990688324
200 9 0.0874991416931
200 10 0.0962579250336
200 11 0.0871858596802
200 12 0.0833570957184
300 0 9.53674316406e-07
300 1 0.00017786026001
300 2 0.0117979049683
300 3 0.157474994659
300 4 0.579759836197
300 5 0.557770967484
300 6 0.463015794754
300 7 0.480551958084
300 8 0.432553052902
300 9 0.433494091034
300 10 0.415918111801
300 11 0.411729097366
300 12 0.436570882797
400 0 1.50203704834e-05
400 1 0.000297069549561
400 2 0.0148091316223
400 3 0.227262020111
400 4 0.878839015961
400 5 1.27962112427
400 6 1.59955811501
400 7 1.38383817673
400 8 1.31899380684
400 9 1.32871413231
400 10 1.28762102127
400 11 1.27695703506
400 12 1.31017017365
500 0 9.53674316406e-07
500 1 0.000559091567993
500 2 0.0254039764404
500 3 0.446285009384
500 4 1.78352999687
500 5 3.06177401543
500 6 3.2325489521
500 7 3.33495616913
500 8 3.21773409843
500 9 3.20571899414
500 10 3.30533099174
500 11 3.19697284698
500 12 3.20817017555
600 0 9.53674316406e-07
600 1 0.000578880310059
600 2 0.0354969501495
600 3 0.826563835144
600 4 3.3710899353
600 5 6.73711013794
600 6 7.36582803726
600 7 7.39813899994
600 8 7.38936805725
600 9 7.40266609192
600 10 7.95310497284
600 11 8.52882313728
600 12 7.44072985649
700 0 9.53674316406e-07
700 1 0.000532865524292
700 2 0.047064781189
700 3 1.14226007462
700 4 6.03691482544
700 5 13.5350661278
700 6 15.558839798
700 7 15.4907488823
700 8 15.4857580662
700 9 15.6133549213
700 10 16.3477509022
700 11 15.8444609642
700 12 16.3768749237
800 0 4.05311584473e-06
800 1 0.000692844390869
800 2 0.0587179660797
800 3 1.42291688919
800 4 10.0082092285
800 5 25.0469639301
800 6 29.9334859848
800 7 30.2798349857
800 8 33.6081180573
800 9 32.1051950455
800 10 30.8218240738
800 11 30.3707220554
800 12 30.143157959
900 0 0.0
900 1 0.000795125961304
900 2 0.0695209503174
900 3 2.02839207649
900 4 15.9551661015
900 5 44.6356401443
900 6 54.9701471329
