0 0 2.14576721191e-06
0 1 5.96046447754e-06
0 2 5.00679016113e-06
0 3 5.96046447754e-06
0 4 7.86781311035e-06
0 5 7.86781311035e-06
0 6 7.15255737305e-06
0 7 6.91413879395e-06
0 8 8.10623168945e-06
0 9 8.82148742676e-06
0 10 9.05990600586e-06
0 11 9.05990600586e-06
0 12 1.00135803223e-05
1000 0 2.14576721191e-06
1000 1 0.00169205665588
1000 2 0.00156402587891
1000 3 0.00187301635742
1000 4 0.00240683555603
1000 5 0.00275301933289
1000 6 0.00292801856995
1000 7 0.00317192077637
1000 8 0.00334906578064
1000 9 0.00360202789307
1000 10 0.00382900238037
1000 11 0.00413799285889
1000 12 0.00440216064453
2000 0 9.53674316406e-07
2000 1 0.0029981136322
2000 2 0.00277209281921
2000 3 0.00324010848999
2000 4 0.00436878204346
2000 5 0.00496292114258
2000 6 0.00557613372803
2000 7 0.00619912147522
2000 8 0.00711584091187
2000 9 0.00767397880554
2000 10 0.00816297531128
2000 11 0.00839304924011
2000 12 0.00791382789612
3000 0 9.53674316406e-07
3000 1 0.00359010696411
3000 2 0.00443983078003
3000 3 0.00428414344788
3000 4 0.00567197799683
3000 5 0.00746297836304
3000 6 0.00734806060791
3000 7 0.00867819786072
3000 8 0.00936508178711
3000 9 0.0108330249786
3000 10 0.0120530128479
3000 11 0.0117988586426
3000 12 0.0130681991577
4000 0 1.19209289551e-06
4000 1 0.00461101531982
4000 2 0.00534105300903
4000 3 0.0059962272644
4000 4 0.00808596611023
4000 5 0.00900197029114
4000 6 0.0104551315308
4000 7 0.0119941234589
4000 8 0.0129890441895
4000 9 0.0143039226532
4000 10 0.0152940750122
4000 11 0.0159249305725
4000 12 0.0169200897217
5000 0 9.53674316406e-07
5000 1 0.00608515739441
5000 2 0.00649404525757
5000 3 0.00716209411621
5000 4 0.0103380680084
5000 5 0.0113701820374
5000 6 0.0125329494476
5000 7 0.0144920349121
5000 8 0.0163149833679
5000 9 0.01775598526
5000 10 0.0186879634857
5000 11 0.0224409103394
5000 12 0.0218470096588
6000 0 9.53674316406e-07
6000 1 0.00757694244385
6000 2 0.00773000717163
6000 3 0.010833978653
6000 4 0.0126600265503
6000 5 0.0146389007568
6000 6 0.0157721042633
6000 7 0.0172410011292
6000 8 0.0204119682312
6000 9 0.0212421417236
6000 10 0.0227320194244
6000 11 0.0256450176239
6000 12 0.0259320735931
7000 0 1.90734863281e-06
7000 1 0.00884294509888
7000 2 0.0090229511261
7000 3 0.0107960700989
7000 4 0.0136351585388
7000 5 0.0164711475372
7000 6 0.018275976181
7000 7 0.020632982254
7000 8 0.0236628055573
7000 9 0.0250058174133
7000 10 0.0277571678162
7000 11 0.0289990901947
7000 12 0.0308218002319
8000 0 1.19209289551e-06
8000 1 0.0100350379944
8000 2 0.0113079547882
8000 3 0.0163400173187
8000 4 0.0191388130188
8000 5 0.0211870670319
8000 6 0.0240750312805
8000 7 0.0261461734772
8000 8 0.0282528400421
8000 9 0.0304508209229
8000 10 0.0329360961914
8000 11 0.0356209278107
8000 12 0.0370669364929
9000 0 9.53674316406e-07
9000 1 0.0136201381683
9000 2 0.0136640071869
9000 3 0.0172078609467
9000 4 0.0222368240356
9000 5 0.0244810581207
9000 6 0.0296449661255
9000 7 0.0312700271606
9000 8 0.0353598594666
9000 9 0.0386929512024
9000 10 0.0416648387909
9000 11 0.0426590442657
9000 12 0.0427169799805
10000 0 1.90734863281e-06
10000 1 0.0137619972229
10000 2 0.0149190425873
10000 3 0.0183279514313
10000 4 0.0233101844788
10000 5 0.0281009674072
10000 6 0.031270980835
10000 7 0.0355179309845
10000 8 0.0403959751129
10000 9 0.0432379245758
10000 10 0.0460538864136
10000 11 0.0487668514252
10000 12 0.052551984787
11000 0 2.14576721191e-06
11000 1 0.0165340900421
11000 2 0.0175039768219
11000 3 0.0213491916656
11000 4 0.0262680053711
11000 5 0.0304369926453
11000 6 0.0342879295349
11000 7 0.0383970737457
11000 8 0.0439519882202
11000 9 0.04740691185
11000 10 0.050420999527
11000 11 0.0539810657501
11000 12 0.0564138889313
12000 0 2.14576721191e-06
12000 1 0.0174219608307
12000 2 0.0184462070465
12000 3 0.0243380069733
12000 4 0.0297801494598
12000 5 0.0330958366394
12000 6 0.0383369922638
12000 7 0.0419721603394
12000 8 0.04851603508
12000 9 0.0519969463348
12000 10 0.0564370155334
12000 11 0.0597629547119
12000 12 0.0612959861755
13000 0 1.90734863281e-06
13000 1 0.0186190605164
13000 2 0.0193819999695
13000 3 0.026477098465
13000 4 0.0326750278473
13000 5 0.037358045578
13000 6 0.0417258739471
13000 7 0.0467090606689
13000 8 0.0533769130707
13000 9 0.0624711513519
13000 10 0.0617270469666
13000 11 0.0635149478912
13000 12 0.0698199272156
14000 0 1.90734863281e-06
14000 1 0.0208160877228
14000 2 0.0240170955658
14000 3 0.0271899700165
14000 4 0.0358610153198
14000 5 0.0409989356995
14000 6 0.0443580150604
14000 7 0.0509748458862
14000 8 0.0564279556274
14000 9 0.061469078064
14000 10 0.0658030509949
14000 11 0.0700318813324
14000 12 0.0769309997559
15000 0 1.90734863281e-06
15000 1 0.0227081775665
15000 2 0.0230910778046
15000 3 0.0285449028015
15000 4 0.0370099544525
15000 5 0.042955160141
15000 6 0.0489528179169
15000 7 0.0534729957581
15000 8 0.0617351531982
15000 9 0.0653269290924
15000 10 0.0715389251709
15000 11 0.075767993927
15000 12 0.0793628692627
16000 0 1.90734863281e-06
16000 1 0.0241391658783
16000 2 0.0282680988312
16000 3 0.032947063446
16000 4 0.0408728122711
16000 5 0.0466060638428
16000 6 0.0512158870697
16000 7 0.058189868927
16000 8 0.0680470466614
16000 9 0.0714950561523
16000 10 0.0760509967804
16000 11 0.0819880962372
16000 12 0.0855588912964
17000 0 9.53674316406e-07
17000 1 0.0255088806152
17000 2 0.0269949436188
17000 3 0.0339739322662
17000 4 0.0428960323334
17000 5 0.0524489879608
17000 6 0.0569710731506
17000 7 0.0612061023712
17000 8 0.0705800056458
17000 9 0.0762770175934
17000 10 0.0839071273804
17000 11 0.0867290496826
17000 12 0.095960855484
18000 0 1.90734863281e-06
18000 1 0.0274739265442
18000 2 0.0287640094757
18000 3 0.0350971221924
18000 4 0.0453419685364
18000 5 0.0523290634155
18000 6 0.059376001358
18000 7 0.0661289691925
18000 8 0.0743260383606
18000 9 0.0823900699615
18000 10 0.0864269733429
18000 11 0.0920310020447
18000 12 0.0976989269257
19000 0 9.53674316406e-07
19000 1 0.0288121700287
19000 2 0.0311441421509
19000 3 0.0378901958466
19000 4 0.0504069328308
19000 5 0.0576281547546
19000 6 0.0645809173584
19000 7 0.0685348510742
19000 8 0.0810670852661
19000 9 0.0857748985291
19000 10 0.0922479629517
19000 11 0.0997259616852
19000 12 0.105355024338
20000 0 1.90734863281e-06
20000 1 0.0298001766205
20000 2 0.0350451469421
20000 3 0.0395729541779
20000 4 0.053701877594
20000 5 0.0604360103607
20000 6 0.0671761035919
20000 7 0.0744369029999
20000 8 0.0885720252991
20000 9 0.0919659137726
20000 10 0.0979719161987
20000 11 0.105486154556
20000 12 0.109346151352
21000 0 4.05311584473e-06
21000 1 0.0324311256409
21000 2 0.0373220443726
21000 3 0.0430200099945
21000 4 0.0554847717285
21000 5 0.0629689693451
21000 6 0.0717461109161
21000 7 0.0778338909149
21000 8 0.0898261070251
21000 9 0.098217010498
21000 10 0.10324382782
21000 11 0.110166788101
21000 12 0.117077827454
22000 0 2.14576721191e-06
22000 1 0.0344710350037
22000 2 0.0368978977203
22000 3 0.0446310043335
22000 4 0.060133934021
22000 5 0.0661969184875
22000 6 0.0745329856873
22000 7 0.0834529399872
22000 8 0.0943598747253
22000 9 0.100102901459
22000 10 0.112133979797
22000 11 0.115472078323
22000 12 0.122290849686
23000 0 6.91413879395e-06
23000 1 0.0452611446381
23000 2 0.0468010902405
23000 3 0.0478558540344
23000 4 0.0626480579376
23000 5 0.0710210800171
23000 6 0.0781188011169
23000 7 0.0874209403992
23000 8 0.100370168686
23000 9 0.106170892715
23000 10 0.116981983185
23000 11 0.121400117874
23000 12 0.129137039185
24000 0 2.14576721191e-06
24000 1 0.0375208854675
24000 2 0.0411360263824
24000 3 0.049751996994
24000 4 0.0645170211792
24000 5 0.0742769241333
24000 6 0.0844519138336
24000 7 0.0910620689392
24000 8 0.104799985886
24000 9 0.111501932144
24000 10 0.120742082596
24000 11 0.126465082169
24000 12 0.1355240345
25000 0 1.90734863281e-06
25000 1 0.0393691062927
25000 2 0.0428080558777
25000 3 0.0522041320801
25000 4 0.06609416008
25000 5 0.0765080451965
25000 6 0.0865008831024
25000 7 0.0952939987183
25000 8 0.126091003418
25000 9 0.120484113693
25000 10 0.126456022263
25000 11 0.134144067764
25000 12 0.139737844467
26000 0 2.14576721191e-06
26000 1 0.0425610542297
26000 2 0.0434350967407
26000 3 0.0537741184235
26000 4 0.0684368610382
26000 5 0.0795760154724
26000 6 0.0897798538208
26000 7 0.0990738868713
26000 8 0.116504907608
26000 9 0.120908021927
26000 10 0.131091117859
26000 11 0.139387130737
26000 12 0.152438879013
27000 0 1.90734863281e-06
27000 1 0.043261051178
27000 2 0.0478920936584
27000 3 0.0568342208862
27000 4 0.0723838806152
27000 5 0.0829808712006
27000 6 0.0940618515015
27000 7 0.102983951569
27000 8 0.118411064148
27000 9 0.127021074295
27000 10 0.136392116547
27000 11 0.14520406723
27000 12 0.152465105057
28000 0 2.14576721191e-06
28000 1 0.0440731048584
28000 2 0.0477929115295
28000 3 0.0591869354248
28000 4 0.0779609680176
28000 5 0.0875370502472
28000 6 0.0970470905304
28000 7 0.107001066208
28000 8 0.124516963959
28000 9 0.134224176407
28000 10 0.140328884125
28000 11 0.151041030884
28000 12 0.161378145218
29000 0 9.53674316406e-07
29000 1 0.0462119579315
29000 2 0.0492339134216
29000 3 0.0674250125885
29000 4 0.0810790061951
29000 5 0.0901560783386
29000 6 0.100925922394
29000 7 0.113718032837
29000 8 0.129050016403
29000 9 0.139289855957
29000 10 0.146713018417
29000 11 0.157598972321
29000 12 0.171742200851
30000 0 1.90734863281e-06
30000 1 0.0491740703583
30000 2 0.0524260997772
30000 3 0.0631139278412
30000 4 0.0830509662628
30000 5 0.0930709838867
30000 6 0.105139017105
30000 7 0.116720199585
30000 8 0.135544061661
30000 9 0.143103122711
30000 10 0.153656959534
30000 11 0.161617994308
30000 12 0.173259973526
31000 0 1.90734863281e-06
31000 1 0.049124956131
31000 2 0.0531160831451
31000 3 0.0650241374969
31000 4 0.0838918685913
31000 5 0.0992000102997
31000 6 0.110846996307
31000 7 0.121160030365
31000 8 0.138281106949
31000 9 0.150939941406
31000 10 0.159796953201
31000 11 0.167706012726
31000 12 0.179402828217
32000 0 2.14576721191e-06
32000 1 0.0508189201355
32000 2 0.0555059909821
32000 3 0.0677850246429
32000 4 0.0876588821411
32000 5 0.101619958878
32000 6 0.113512039185
32000 7 0.125097036362
32000 8 0.14465379715
32000 9 0.15447306633
32000 10 0.166460037231
32000 11 0.173565864563
32000 12 0.182939052582
33000 0 1.90734863281e-06
33000 1 0.0530760288239
33000 2 0.0584900379181
33000 3 0.0692911148071
33000 4 0.0923619270325
33000 5 0.104944944382
33000 6 0.116091966629
33000 7 0.13028216362
33000 8 0.153766870499
33000 9 0.160556077957
33000 10 0.171019077301
33000 11 0.179785966873
33000 12 0.189158916473
34000 0 2.14576721191e-06
34000 1 0.0553121566772
34000 2 0.0615990161896
34000 3 0.0725100040436
34000 4 0.0935580730438
34000 5 0.108376026154
34000 6 0.120117902756
34000 7 0.133823871613
34000 8 0.157073974609
34000 9 0.171210050583
34000 10 0.178180932999
34000 11 0.185486078262
34000 12 0.195662021637
35000 0 1.90734863281e-06
35000 1 0.0575649738312
35000 2 0.0609531402588
35000 3 0.075257062912
35000 4 0.0957298278809
35000 5 0.110160112381
35000 6 0.125434160233
35000 7 0.137944936752
35000 8 0.15922999382
35000 9 0.169993877411
35000 10 0.184220075607
35000 11 0.192063093185
35000 12 0.20313501358
36000 0 9.53674316406e-07
36000 1 0.0564541816711
36000 2 0.0628669261932
36000 3 0.0772750377655
36000 4 0.101311922073
36000 5 0.115750074387
36000 6 0.130379915237
36000 7 0.142211914062
36000 8 0.162959098816
36000 9 0.179269075394
36000 10 0.188549041748
36000 11 0.196502923965
36000 12 0.210003852844
37000 0 1.90734863281e-06
37000 1 0.0601089000702
37000 2 0.0654079914093
37000 3 0.07856798172
37000 4 0.103439092636
37000 5 0.12082195282
37000 6 0.13237786293
37000 7 0.145747900009
37000 8 0.172266960144
37000 9 0.182989120483
37000 10 0.195449113846
37000 11 0.212499141693
37000 12 0.217299938202
38000 0 9.53674316406e-07
38000 1 0.0615289211273
38000 2 0.0679030418396
38000 3 0.0865478515625
38000 4 0.105976104736
38000 5 0.122354030609
38000 6 0.137933015823
38000 7 0.156126976013
38000 8 0.174958944321
38000 9 0.188483953476
38000 10 0.202221155167
38000 11 0.212244033813
38000 12 0.237071037292
39000 0 2.14576721191e-06
39000 1 0.0644409656525
39000 2 0.0683269500732
39000 3 0.084233045578
39000 4 0.110299110413
39000 5 0.130156993866
39000 6 0.141036987305
39000 7 0.155606985092
39000 8 0.183917999268
39000 9 0.195415973663
39000 10 0.204288959503
39000 11 0.222522974014
39000 12 0.22970199585
40000 0 1.90734863281e-06
40000 1 0.0647060871124
40000 2 0.0754089355469
40000 3 0.0886929035187
40000 4 0.114676952362
40000 5 0.132102012634
40000 6 0.150314092636
40000 7 0.161383867264
40000 8 0.186261177063
40000 9 0.20272898674
40000 10 0.211410045624
40000 11 0.225538015366
40000 12 0.23627114296
41000 0 1.90734863281e-06
41000 1 0.0664029121399
41000 2 0.0717561244965
41000 3 0.0906758308411
41000 4 0.12003993988
41000 5 0.132461071014
41000 6 0.148339986801
41000 7 0.165637969971
41000 8 0.188396215439
41000 9 0.201439857483
41000 10 0.222213029861
41000 11 0.229031085968
41000 12 0.249460935593
42000 0 1.90734863281e-06
42000 1 0.0695731639862
42000 2 0.0756251811981
42000 3 0.0925250053406
42000 4 0.121574878693
42000 5 0.13972902298
42000 6 0.156439065933
42000 7 0.167858839035
42000 8 0.198310852051
42000 9 0.2081990242
42000 10 0.226156949997
42000 11 0.235479831696
42000 12 0.249929189682
43000 0 1.90734863281e-06
43000 1 0.0693929195404
43000 2 0.0769290924072
43000 3 0.095449924469
43000 4 0.123898029327
43000 5 0.146712779999
43000 6 0.156955003738
43000 7 0.198645114899
43000 8 0.207402944565
43000 9 0.217972993851
43000 10 0.234608888626
43000 11 0.240707159042
43000 12 0.257370948792
44000 0 2.14576721191e-06
44000 1 0.0717658996582
44000 2 0.079225063324
44000 3 0.0980269908905
44000 4 0.127383947372
44000 5 0.148987054825
44000 6 0.159822225571
44000 7 0.183775186539
44000 8 0.211263179779
44000 9 0.22428393364
44000 10 0.236280918121
44000 11 0.25505399704
44000 12 0.2687728405
45000 0 2.86102294922e-06
45000 1 0.0728888511658
45000 2 0.0799391269684
45000 3 0.100270032883
45000 4 0.138292074203
45000 5 0.151991128922
45000 6 0.168756008148
45000 7 0.18622303009
45000 8 0.215311050415
45000 9 0.235714912415
45000 10 0.244498968124
45000 11 0.257550001144
45000 12 0.268244981766
46000 0 1.90734863281e-06
46000 1 0.0752739906311
46000 2 0.0826032161713
46000 3 0.111019849777
46000 4 0.135043144226
46000 5 0.152944087982
46000 6 0.176098108292
46000 7 0.188308000565
46000 8 0.218253850937
46000 9 0.251886129379
46000 10 0.253441095352
46000 11 0.269075870514
46000 12 0.278776884079
47000 0 1.90734863281e-06
47000 1 0.0789549350739
47000 2 0.0850641727448
47000 3 0.11214017868
47000 4 0.135796070099
47000 5 0.162704944611
47000 6 0.175551891327
47000 7 0.188709974289
47000 8 0.233512878418
47000 9 0.287667989731
47000 10 0.277153015137
47000 11 0.287989854813
47000 12 0.295933008194
48000 0 1.90734863281e-06
48000 1 0.0785329341888
48000 2 0.089574098587
48000 3 0.115725040436
48000 4 0.146796941757
48000 5 0.162936925888
48000 6 0.190868854523
48000 7 0.199948072433
48000 8 0.241259098053
48000 9 0.250637054443
48000 10 0.270201921463
48000 11 0.282149076462
48000 12 0.299585819244
49000 0 1.90734863281e-06
49000 1 0.0807838439941
49000 2 0.0903658866882
49000 3 0.113239049911
49000 4 0.152580976486
49000 5 0.1685090065
49000 6 0.185528039932
49000 7 0.209583044052
49000 8 0.242326021194
49000 9 0.265889167786
49000 10 0.271080970764
49000 11 0.291059017181
49000 12 0.301281929016
50000 0 2.14576721191e-06
50000 1 0.0826630592346
50000 2 0.0916900634766
50000 3 0.116467952728
50000 4 0.145397901535
50000 5 0.17578291893
50000 6 0.189786911011
50000 7 0.21395111084
50000 8 0.24437212944
50000 9 0.26914191246
50000 10 0.276031970978
50000 11 0.298933029175
50000 12 0.311428070068
51000 0 2.14576721191e-06
51000 1 0.0856609344482
51000 2 0.0939848423004
51000 3 0.118661165237
51000 4 0.150668144226
51000 5 0.183428049088
51000 6 0.196048021317
51000 7 0.215044021606
51000 8 0.255851984024
51000 9 0.266798019409
51000 10 0.287425994873
51000 11 0.311247110367
51000 12 0.320436954498
52000 0 1.90734863281e-06
52000 1 0.0898869037628
52000 2 0.0982930660248
52000 3 0.122409820557
52000 4 0.153946876526
52000 5 0.186917066574
52000 6 0.206539869308
52000 7 0.223529815674
52000 8 0.25910115242
52000 9 0.27559709549
52000 10 0.293648958206
52000 11 0.31276512146
52000 12 0.32331609726
53000 0 1.90734863281e-06
53000 1 0.0895159244537
53000 2 0.102567195892
53000 3 0.124478816986
53000 4 0.15805721283
53000 5 0.187915086746
53000 6 0.210597991943
53000 7 0.224710941315
53000 8 0.262228012085
53000 9 0.283490896225
53000 10 0.297940969467
53000 11 0.317666053772
53000 12 0.347724914551
54000 0 1.90734863281e-06
54000 1 0.0890121459961
54000 2 0.0993897914886
54000 3 0.125395059586
54000 4 0.171868085861
54000 5 0.194062948227
54000 6 0.215554952621
54000 7 0.237989187241
54000 8 0.269599914551
54000 9 0.290914058685
54000 10 0.307484865189
54000 11 0.31990480423
54000 12 0.340142011642
55000 0 1.90734863281e-06
55000 1 0.0933711528778
55000 2 0.103051900864
55000 3 0.136214017868
55000 4 0.172785997391
55000 5 0.195765018463
55000 6 0.220005989075
55000 7 0.235285997391
55000 8 0.281579971313
55000 9 0.299450874329
55000 10 0.314924955368
55000 11 0.334630966187
55000 12 0.370090007782
56000 0 2.14576721191e-06
56000 1 0.0966989994049
56000 2 0.106980085373
56000 3 0.135877847672
56000 4 0.174571990967
56000 5 0.197205066681
56000 6 0.217522144318
56000 7 0.246788978577
56000 8 0.284934997559
56000 9 0.302854061127
56000 10 0.321620941162
56000 11 0.341179132462
56000 12 0.36476111412
57000 0 1.90734863281e-06
57000 1 0.0967149734497
57000 2 0.108689785004
57000 3 0.139708995819
57000 4 0.179677963257
57000 5 0.209005117416
57000 6 0.225881814957
57000 7 0.260611057281
57000 8 0.304249048233
57000 9 0.310923099518
57000 10 0.325433969498
57000 11 0.35199213028
57000 12 0.366039037704
58000 0 1.90734863281e-06
58000 1 0.0977721214294
58000 2 0.113331079483
58000 3 0.140434026718
58000 4 0.181943178177
58000 5 0.204979896545
58000 6 0.245284080505
58000 7 0.248444080353
58000 8 0.299555063248
58000 9 0.313560009003
58000 10 0.336483955383
58000 11 0.353904008865
58000 12 0.375801086426
59000 0 1.90734863281e-06
59000 1 0.0996980667114
59000 2 0.111774921417
59000 3 0.141700029373
59000 4 0.184607028961
59000 5 0.211324930191
59000 6 0.235814094543
59000 7 0.253607988358
59000 8 0.305639982224
59000 9 0.329787015915
59000 10 0.341598987579
59000 11 0.36313700676
59000 12 0.384090900421
60000 0 9.53674316406e-07
60000 1 0.100847959518
60000 2 0.114357948303
60000 3 0.147098064423
60000 4 0.190950155258
60000 5 0.212429046631
60000 6 0.241654872894
60000 7 0.267014980316
60000 8 0.309885978699
60000 9 0.323888063431
60000 10 0.353209018707
60000 11 0.368927001953
60000 12 0.380316019058
61000 0 1.90734863281e-06
61000 1 0.103989124298
61000 2 0.115291118622
61000 3 0.146325111389
61000 4 0.191989898682
61000 5 0.21878695488
61000 6 0.251433849335
61000 7 0.282632827759
61000 8 0.31832909584
61000 9 0.333914995193
61000 10 0.356542825699
61000 11 0.377166032791
61000 12 0.39812707901
62000 0 1.90734863281e-06
62000 1 0.108510971069
62000 2 0.119867801666
62000 3 0.14804315567
62000 4 0.193453788757
62000 5 0.222614049911
62000 6 0.250160932541
62000 7 0.271602869034
62000 8 0.321792125702
62000 9 0.344021081924
62000 10 0.359779119492
62000 11 0.382126092911
62000 12 0.408246994019
63000 0 1.19209289551e-06
63000 1 0.107173919678
63000 2 0.120812892914
63000 3 0.154551029205
63000 4 0.200833082199
63000 5 0.240443229675
63000 6 0.253585100174
63000 7 0.285479068756
63000 8 0.330827951431
63000 9 0.354050159454
63000 10 0.371589183807
63000 11 0.390917062759
63000 12 0.412082910538
64000 0 1.90734863281e-06
64000 1 0.111083984375
64000 2 0.12372803688
64000 3 0.153565883636
64000 4 0.206336021423
64000 5 0.234375
64000 6 0.260546922684
64000 7 0.287756204605
64000 8 0.335510969162
64000 9 0.369158983231
64000 10 0.377213001251
64000 11 0.399525880814
64000 12 0.424311161041
65000 0 3.09944152832e-06
65000 1 0.111923933029
65000 2 0.128479957581
65000 3 0.163340806961
65000 4 0.204688072205
65000 5 0.237181186676
65000 6 0.261563062668
65000 7 0.291078090668
65000 8 0.33731508255
65000 9 0.35853099823
65000 10 0.401741981506
65000 11 0.405384063721
65000 12 0.426266908646
66000 0 1.90734863281e-06
66000 1 0.114274978638
66000 2 0.125633001328
66000 3 0.170490980148
66000 4 0.213116168976
66000 5 0.244921922684
66000 6 0.26443696022
66000 7 0.293716907501
66000 8 0.34437417984
66000 9 0.372672080994
66000 10 0.390211820602
66000 11 0.424040079117
66000 12 0.436479091644
67000 0 2.86102294922e-06
67000 1 0.118808031082
67000 2 0.130223035812
67000 3 0.161996841431
67000 4 0.215499162674
67000 5 0.244071960449
67000 6 0.275765895844
67000 7 0.298192024231
67000 8 0.366137981415
67000 9 0.377503871918
67000 10 0.409495830536
67000 11 0.421474933624
67000 12 0.44339299202
68000 0 1.90734863281e-06
68000 1 0.118839025497
68000 2 0.133866071701
68000 3 0.167457818985
68000 4 0.217689990997
68000 5 0.249872207642
68000 6 0.287148952484
68000 7 0.307754039764
68000 8 0.361274957657
68000 9 0.383266925812
68000 10 0.404428958893
68000 11 0.433426856995
68000 12 0.4564909935
69000 0 3.09944152832e-06
69000 1 0.124710083008
69000 2 0.135439157486
69000 3 0.168401956558
69000 4 0.224500894547
69000 5 0.258219003677
69000 6 0.291595935822
69000 7 0.318401098251
69000 8 0.364858150482
69000 9 0.389174222946
69000 10 0.412940979004
69000 11 0.439311027527
69000 12 0.459914207458
70000 0 2.14576721191e-06
70000 1 0.121575832367
70000 2 0.139330863953
70000 3 0.174078941345
70000 4 0.224448919296
70000 5 0.264175891876
70000 6 0.285545825958
70000 7 0.322323083878
70000 8 0.370688915253
70000 9 0.395375967026
70000 10 0.417331933975
70000 11 0.443340063095
70000 12 0.46571803093
71000 0 3.09944152832e-06
71000 1 0.124182939529
71000 2 0.141620874405
71000 3 0.18600487709
71000 4 0.225402832031
71000 5 0.271359920502
71000 6 0.301707983017
71000 7 0.324744939804
71000 8 0.373706817627
71000 9 0.402194976807
71000 10 0.42849779129
71000 11 0.452210903168
71000 12 0.474031925201
72000 0 2.86102294922e-06
72000 1 0.125418901443
72000 2 0.14441204071
72000 3 0.177803993225
72000 4 0.234369039536
72000 5 0.273397922516
72000 6 0.304841995239
72000 7 0.331290006638
72000 8 0.400575876236
72000 9 0.419321060181
72000 10 0.440561056137
72000 11 0.461181879044
72000 12 0.482620954514
73000 0 2.86102294922e-06
73000 1 0.138628005981
73000 2 0.146113872528
73000 3 0.190699100494
73000 4 0.235738992691
73000 5 0.279622077942
73000 6 0.305347919464
73000 7 0.332056999207
73000 8 0.387269020081
73000 9 0.413368940353
73000 10 0.438827991486
73000 11 0.464124917984
73000 12 0.491062879562
74000 0 1.90734863281e-06
74000 1 0.131685018539
74000 2 0.173601865768
74000 3 0.182600975037
74000 4 0.23939204216
74000 5 0.276595830917
74000 6 0.305773019791
74000 7 0.34132194519
74000 8 0.391694068909
74000 9 0.42124080658
74000 10 0.443320035934
74000 11 0.477704048157
74000 12 0.495327949524
75000 0 1.90734863281e-06
75000 1 0.132696151733
75000 2 0.153248071671
75000 3 0.18855714798
75000 4 0.243525028229
75000 5 0.281182050705
75000 6 0.312511920929
75000 7 0.343621015549
75000 8 0.39782500267
75000 9 0.425728082657
75000 10 0.45254778862
75000 11 0.482511997223
75000 12 0.501820087433
76000 0 1.90734863281e-06
76000 1 0.134742975235
76000 2 0.150490999222
76000 3 0.193979978561
76000 4 0.252456903458
76000 5 0.282436132431
76000 6 0.321588039398
76000 7 0.34806394577
76000 8 0.402867078781
76000 9 0.431561946869
76000 10 0.460664987564
76000 11 0.488656997681
76000 12 0.514276027679
77000 0 1.90734863281e-06
77000 1 0.134280920029
77000 2 0.151561975479
77000 3 0.192384958267
77000 4 0.256660938263
77000 5 0.297837018967
77000 6 0.337047100067
77000 7 0.354994058609
77000 8 0.409572124481
77000 9 0.442090988159
77000 10 0.472328186035
77000 11 0.493186950684
77000 12 0.521569013596
78000 0 3.09944152832e-06
78000 1 0.142525911331
78000 2 0.165673971176
78000 3 0.194881916046
78000 4 0.257743120193
78000 5 0.290117025375
78000 6 0.336097002029
78000 7 0.363139867783
78000 8 0.419528007507
78000 9 0.457972049713
78000 10 0.475893974304
78000 11 0.50425195694
78000 12 0.529812097549
79000 0 3.09944152832e-06
79000 1 0.144696950912
79000 2 0.157937049866
79000 3 0.199354171753
79000 4 0.256209850311
79000 5 0.328647136688
79000 6 0.350185871124
79000 7 0.37509393692
79000 8 0.443670034409
79000 9 0.460838079453
79000 10 0.490473031998
79000 11 0.513586997986
79000 12 0.542187929153
80000 0 2.14576721191e-06
80000 1 0.145220994949
80000 2 0.166144132614
80000 3 0.205212116241
80000 4 0.267987012863
80000 5 0.306790113449
80000 6 0.345149040222
80000 7 0.387216091156
80000 8 0.432312011719
80000 9 0.469617843628
80000 10 0.494568109512
80000 11 0.520009994507
80000 12 0.547357082367
81000 0 2.14576721191e-06
81000 1 0.14259314537
81000 2 0.166746139526
81000 3 0.208671092987
81000 4 0.266551971436
81000 5 0.311439037323
81000 6 0.34565281868
81000 7 0.399676799774
81000 8 0.451397180557
81000 9 0.471559047699
81000 10 0.498913049698
81000 11 0.525789022446
81000 12 0.570152997971
82000 0 1.90734863281e-06
82000 1 0.145128011703
82000 2 0.177043914795
82000 3 0.211133003235
82000 4 0.270448923111
82000 5 0.314867019653
82000 6 0.354837179184
82000 7 0.389196872711
82000 8 0.447060108185
82000 9 0.478652000427
82000 10 0.509280920029
82000 11 0.541079044342
82000 12 0.564220190048
83000 0 1.90734863281e-06
83000 1 0.147955179214
83000 2 0.169356107712
83000 3 0.216817855835
83000 4 0.272756099701
83000 5 0.317789077759
83000 6 0.355521917343
83000 7 0.397564888
83000 8 0.447371006012
83000 9 0.488653182983
83000 10 0.512291908264
83000 11 0.543968200684
83000 12 0.575725078583
84000 0 1.90734863281e-06
84000 1 0.154419898987
84000 2 0.176393032074
84000 3 0.214358091354
84000 4 0.276644945145
84000 5 0.324968099594
84000 6 0.360193967819
84000 7 0.397313117981
84000 8 0.457146883011
84000 9 0.492407083511
84000 10 0.52526307106
84000 11 0.544775009155
84000 12 0.590200901031
85000 0 2.14576721191e-06
85000 1 0.153502941132
85000 2 0.175899982452
85000 3 0.224662065506
85000 4 0.283992052078
85000 5 0.32651591301
85000 6 0.366951942444
85000 7 0.411684036255
85000 8 0.477122783661
85000 9 0.507586956024
85000 10 0.53590798378
85000 11 0.55935716629
85000 12 0.582776069641
86000 0 2.14576721191e-06
86000 1 0.151312112808
86000 2 0.179558038712
86000 3 0.223321914673
86000 4 0.281393051147
86000 5 0.329365968704
86000 6 0.380212068558
86000 7 0.411499023438
86000 8 0.471127033234
86000 9 0.506317138672
86000 10 0.533781051636
86000 11 0.563826084137
86000 12 0.587591171265
87000 0 2.14576721191e-06
87000 1 0.164016962051
87000 2 0.178722143173
87000 3 0.223948955536
87000 4 0.29052901268
87000 5 0.338624954224
87000 6 0.378984928131
87000 7 0.419148921967
87000 8 0.477681875229
87000 9 0.520544052124
87000 10 0.539735078812
87000 11 0.571640968323
87000 12 0.625483036041
88000 0 3.09944152832e-06
88000 1 0.167917966843
88000 2 0.186681985855
88000 3 0.227470874786
88000 4 0.292787075043
88000 5 0.343043804169
88000 6 0.379959106445
88000 7 0.412316083908
88000 8 0.485062837601
88000 9 0.518739938736
88000 10 0.553212881088
88000 11 0.586770057678
88000 12 0.621385097504
89000 0 2.14576721191e-06
89000 1 0.157855033875
89000 2 0.188115119934
89000 3 0.235883951187
89000 4 0.302140951157
89000 5 0.349477052689
89000 6 0.388175964355
89000 7 0.434355974197
89000 8 0.494796037674
89000 9 0.52534198761
89000 10 0.56068611145
89000 11 0.598275899887
89000 12 0.621489048004
90000 0 1.90734863281e-06
90000 1 0.16553902626
90000 2 0.184895992279
90000 3 0.242074966431
90000 4 0.302406072617
90000 5 0.348248004913
90000 6 0.389245033264
90000 7 0.437206029892
90000 8 0.498023033142
90000 9 0.538644075394
90000 10 0.572875976562
90000 11 0.597920179367
90000 12 0.633286952972
91000 0 1.90734863281e-06
91000 1 0.168452978134
91000 2 0.187007904053
91000 3 0.237252950668
91000 4 0.300430059433
91000 5 0.360037088394
91000 6 0.399561166763
91000 7 0.440650939941
91000 8 0.499171972275
91000 9 0.537075042725
91000 10 0.574644088745
91000 11 0.600256919861
91000 12 0.640943050385
92000 0 2.14576721191e-06
92000 1 0.170938968658
92000 2 0.196071147919
92000 3 0.242880105972
92000 4 0.31374001503
92000 5 0.366942882538
92000 6 0.405328989029
92000 7 0.437491893768
92000 8 0.513610124588
92000 9 0.548857927322
92000 10 0.582129001617
92000 11 0.613131046295
92000 12 0.644411087036
93000 0 1.90734863281e-06
93000 1 0.171576023102
93000 2 0.188679933548
93000 3 0.240161180496
93000 4 0.313592910767
93000 5 0.366041898727
93000 6 0.415452003479
93000 7 0.451164007187
93000 8 0.521342992783
93000 9 0.562602043152
93000 10 0.58607006073
93000 11 0.620542049408
93000 12 0.656174898148
94000 0 2.14576721191e-06
94000 1 0.169380903244
94000 2 0.212055921555
94000 3 0.247092008591
94000 4 0.313137054443
94000 5 0.361349821091
94000 6 0.408879995346
94000 7 0.460047960281
94000 8 0.530401945114
94000 9 0.567817926407
94000 10 0.594718933105
94000 11 0.633942842484
94000 12 0.659686088562
95000 0 2.86102294922e-06
95000 1 0.174494028091
95000 2 0.195908069611
95000 3 0.254048109055
95000 4 0.322942018509
95000 5 0.377580881119
95000 6 0.411803007126
95000 7 0.462072849274
95000 8 0.537996053696
95000 9 0.568702936172
95000 10 0.607897043228
95000 11 0.632742166519
95000 12 0.670427083969
96000 0 3.09944152832e-06
96000 1 0.173074960709
96000 2 0.201780080795
96000 3 0.251273155212
96000 4 0.316238880157
96000 5 0.375264167786
96000 6 0.427644968033
96000 7 0.470861911774
96000 8 0.553325891495
96000 9 0.578492879868
96000 10 0.608300924301
96000 11 0.642174959183
96000 12 0.67058801651
97000 0 2.14576721191e-06
97000 1 0.181823015213
97000 2 0.21021604538
97000 3 0.255934000015
97000 4 0.330875873566
97000 5 0.386650085449
97000 6 0.426115036011
97000 7 0.47355389595
97000 8 0.544496059418
97000 9 0.586005926132
97000 10 0.620043039322
97000 11 0.649246931076
97000 12 0.669481992722
98000 0 2.14576721191e-06
98000 1 0.179316997528
98000 2 0.220139026642
98000 3 0.256026029587
98000 4 0.335248947144
98000 5 0.388015985489
98000 6 0.435058832169
98000 7 0.510704994202
98000 8 0.557548999786
98000 9 0.628017902374
98000 10 0.634119987488
98000 11 0.651721954346
98000 12 0.73216509819
99000 0 1.90734863281e-06
99000 1 0.175909996033
99000 2 0.222785949707
99000 3 0.271167039871
99000 4 0.343194007874
99000 5 0.392454862595
99000 6 0.443341016769
99000 7 0.485690832138
99000 8 0.561335086823
99000 9 0.640677213669
99000 10 0.645251989365
99000 11 0.659656047821
99000 12 0.724531888962
100000 0 3.09944152832e-06
100000 1 0.181658029556
100000 2 0.215944051743
100000 3 0.265283823013
100000 4 0.349060058594
100000 5 0.401489973068
100000 6 0.448978900909
100000 7 0.490103006363
100000 8 0.585761785507
100000 9 0.616123199463
100000 10 0.660342931747
100000 11 0.669179201126
100000 12 0.711596012115
